1
7
12
13
16
65
72
74
75
76
78
79
82
83
84
87
88
89
91
92
93
94
95
96
97
98
99
100
101
102
104
105
107
108
110
111
112
113
114
115
116
118
119
120
121
122
123
124
125
130
131
132
133
134
136
137
138
139
140
141
142
146
155
156
158
159
160
161
162
163
164
165
167
168
169
170
171
172
174
175
176
177
180
182
183
184
185
186
192
193
194
195
200
201
202
203
204
207
208
209
213
214
215
216
217
219
220
222
223
225
228
232
233
234
236
237
238
240
241
244
245
247
249
250
254
255
256
257
258
267
270
271
272
273
274
275
276
277
278
279
281
282
283
284
285
286
287
288
289
290
291
293
294
295
296
297
298
299
300
301
302
303
308
309
310
311
312
313
314
315
316
318
319
320
322
324
329
330
331
332
333
334
336
337
341
343
344
345
346
347
355
359
360
365
366
368
370
371
372
373
374
375
376
377
378
379
380
381
382
383
384
385
387
388
389
390
391
392
396
397
399
401
402
403
404
405
406
407
411
412
413
414
415
418
419
420
421
422
423
424
425
426
427
428
429
430
431
432
433
434
435
438
439
440
442
443
444
445
446
447
448
449
451
452
453
470
471
474
475
476
477
478
481
482
483
485
488
489
490
491
492
493
494
495
496
498
499
500
501
502
503
505
507
508
510
511
512
513
514
516
517
518
519
521
523
525
533
534
535
536
538
539
540
541
542
543
544
547
548
549
550
551
552
553
554
555
556
557
558
559
560
561
565
566
567
568
572
574
575
576
577
578
580
582
583
586
587
588
589
590
591
592
593
594
595
596
598
599
600
601
602
603
604
606
607
608
609
610
611
612
613
614
616
617
618
619
620
621
622
623
625
627
630
631
632
633
634
635
636
639
646
647
648
649
652
653
655
656
657
658
662
663
664
665
666
667
668
669
670
673
674
675
676
678
679
682
683
684
685
686
687
688
689
690
691
692
693
694
695
696
697
698
699
700
702
703
704
705
706
707
708
711
712
713
714
716
717
718
719
721
723
724
725
726
728
729
732
733
734
735
736
737
738
740
744
745
747
748
749
750
751
753
754
761
762
763
764
765
766
767
768
779
780
781
784
785
786
787
788
790
791
792
796
797
798
799
800
804
806
807
808
810
813
814
815
816
817
818
819
820
822
823
824
825
826
827
828
829
830
832
833
834
835
836
838
839
840
841
842
843
844
845
846
847
848
850
851
852
853
854
855
856
857
858
861
862
863
864
865
868
869
870
871
872
873
875
876
879
881
882
885
886
887
889
890
891
892
893
900
903
904
905
906
907
908
909
910
912
917
918
919
920
922
927
928
931
932
937
938
940
941
942
943
944
945
946
947
948
949
952
953
955
956
957
958
959
961
962
963
967
968
969
970
971
972
977
978
980
986
988
989
990
991
992
993
994
995
996
997
998
999
1000
1002
1003
1005
1006
1008
1009
1010
1011
1012
1013
1014
1015
1016
1017
1018
1021
1022
1023
1025
1028
1029
1033
1034
1035
1037
1039
1042
1045
1046
1047
1048
1049
1050
1052
1056
1057
1058
1059
1061
1062
1063
1064
1065
1066
1067
1068
1069
1070
1071
1072
1073
1075
1076
1077
1078
1079
1080
1081
1082
1084
1085
1086
1087
1088
1089
1090
1091
1092
1097
1098
1099
1101
1103
1104
1106
1107
1108
1109
1111
1112
1118
1122
1125
1126
1127
1128
1129
1130
1131
1132
1133
1134
1135
1137
1138
1139
1140
1141
1142
1143
1144
1145
1146
1147
1148
1149
1150
1151
1152
1155
1158
1159
1162
1163
1164
1168
1169
1171
1172
1179
1180
1181
1183
1184
1185
1186
1187
1188
1190
1191
1192
1193
1195
1196
1198
1199
1200
1202
1203
1204
1208
1212
1214
1215
1218
1225
1231
1232
1233
1234
1235
1236
1237
1239
1240
1241
1242
1243
1244
1245
1246
1247
1249
1250
1251
1252
1253
1255
1257
1258
1259
1260
1261
1262
1263
1264
1267
1270
1272
1273
1274
1275
1276
1277
1278
1279
1280
1281
1283
1284
1285
1286
1287
1288
1289
1291
1292
1293
1295
1296
1297
1298
1300
1301
1306
1307
1310
1312
1315
1316
1317
1318
1320
1321
1322
1324
1325
1326
1328
1329
1330
1331
1332
1333
1334
1335
1336
1337
1338
1339
1342
1343
1344
1345
1347
1349
1350
1351
1352
1353
1355
1356
1357
1360
1361
1362
1363
1364
1365
1366
1368
1369
1373
1374
1377
1379
1380
1381
1382
1383
1385
1386
1387
1388
1389
1390
1392
1393
1394
1395
1396
1397
1398
1399
1400
1401
1403
1406
1407
1409
1410
1411
1412
1414
1415
1418
1419
1420
1422
1423
1424
1426
1428
1429
1430
1432
1433
1434
1435
1436
1437
1439
1440
1443
1444
1445
1446
1448
1449
1450
1451
1452
1453
1454
1455
1456
1457
1458
1461
1462
1463
1464
1466
1467
1468
1469
1470
1471
1472
1473
1474
1475
1476
1477
1478
1479
1480
1481
1482
1483
1484
1485
1486
1487
1489
1491
1492
1493
1494
1495
1496
1497
1498
1500
1508
1512
1513
1515
1516
1517
1518
1519
1520
1521
1522
1524
1527
1528
1529
1530
1531
1536
1538
1539
1540
1541
1542
1544
1545
1546
1547
1548
1549
1550
1551
1552
1553
1554
1555
1556
1557
1558
1559
1560
1561
1562
1563
1564
1566
1567
1568
1569
1570
1571
1572
1573
1574
1575
1576
1577
1578
1579
1581
1582
1583
1584
1585
1586
1587
1588
1589
1590
1591
1592
1593
1594
1596
1597
1598
1599
1600
1601
1602
1603
1605
1607
1608
1609
1611
1612
1613
1614
1615
1616
1618
1619
1620
1621
1622
1623
1624
1625
1626
1627
1628
1629
1630
1631
1632
1633
1634
1635
1636
1637
1638
1639
1641
1642
1644
1645
1646
1648
1649
1650
1651
1652
1654
1655
1656
1657
1658
1660
1661
1664
1665
1666
1668
1669
1670
1671
1672
1673
1676
1677
1678
1679
1681
1682
1683
1684
1685
1687
1688
1690
1691
1692
1693
1694
1697
1698
1699
1700
1701
1704
1705
1706
1708
1709
1710
1711
1712
1715
1716
1717
1718
1719
1720
1721
1723
1725
1726
1727
1728
1729
1730
1731
1732
1734
1735
1736
1737
1738
1739
1740
1742
1748
1749
1750
1752
1753
1754
1755
1757
1758
1760
1761
1762
1763
1764
1767
1768
1769
1770
1772
1773
1774
1775
1776
1778
1779
1780
1781
1782
1783
1784
1786
1787
1790
1792
1795
1797
1800
1801
1802
1804
1807
1808
1810
1811
1813
1814
1818
1820
1821
1822
1824
1825
1826
1827
1829
1830
1831
1832
1834
1835
1836
1837
1838
1839
1840
1841
1843
1844
1847
1848
1849
1850
1851
1852
1853
1854
1855
1856
1857
1858
1859
1860
1861
1862
1863
1864
1866
1867
1870
1871
1872
1875
1876
1877
1882
1884
1885
1889
1890
1891
1892
1893
1894
1895
1896
1897
1898
1899
1900
1901
1903
1906
1907
1911
1912
1913
1915
1917
1918
1922
1923
1924
1927
1928
1929
1932
1936
1937
1941
1942
1943
1946
1947
1950
1952
1953
1955
1956
1957
1958
1959
1960
1961
1962
1963
1964
1966
1968
1970
1971
1972
1973
1974
1975
1977
1978
1981
1982
1985
1986
1987
1993
1994
1995
1996
1997
1998
2000
2001
2002
2003
2004
2005
2006
2008
2009
2010
2011
2012
2013
2016
2017
2018
2019
2021
2022
2023
2025
2026
2027
2032
2035
2036
2038
2040
2044
2045
2048
2049
2051
2052
2053
2054
2055
2056
2057
2059
2060
2061
2062
2063
2064
2065
2066
2067
2068
2069
2070
2071
2074
2075
2076
2077
2078
2079
2080
2082
2083
2084
2085
2086
2088
2089
2090
2091
2092
2093
2094
2095
2096
2097
2098
2099
2100
2101
2102
2103
2104
2105
2106
2107
2108
2109
2110
2111
2112
2113
2114
2115
2116
2117
2118
2119
2120
2121
2122
2123
2124
2125
2126
2127
2128
2129
2130
2131
2133
2134
2135
2136
2138
2139
2142
2144
2147
2148
2149
2150
2151
2152
2153
2154
2155
2156
2157
2158
2159
2160
2161
2162
2167
2168
2169
2170
2171
2172
2173
2174
2175
2176
2180
2181
2187
2188
2189
2192
2193
2194
2195
2199
2200
2201
2202
2206
2207
2208
2209
2210
2211
2213
2214
2216
2217
2218
2219
2220
2221
2222
2223
2224
2225
2227
2228
2229
2230
2231
2232
2233
2234
2235
2237
2238
2240
2241
2242
2248
2249
2250
2251
2252
2253
2254
2255
2256
2257
2258
2259
2260
2261
2262
2263
2264
2265
2267
2268
2269
2270
2271
2272
2273
2274
2276
2277
2278
2279
2281
2283
2284
2285
2286
2289
2291
2292
2294
2295
2296
2297
2298
2299
2300
2301
2302
2303
2304
2305
2306
2307
2308
2309
2310
2311
2312
2314
2318
2319
2320
2325
2326
2328
2329
2330
2331
2332
2333
2334
2335
2336
2337
2338
2339
2340
2341
2342
2343
2344
2345
2346
2347
2348
2349
2350
2351
2354
2355
2356
2357
2358
2359
2360
2361
2362
2364
2365
2366
2368
2370
2371
2373
2375
2376
2377
2378
2379
2380
2381
2382
2383
2384
2385
2387
2388
2389
2390
2391
2392
2393
2394
2395
2397
2398
2399
2401
2402
2403
2404
2405
2406
2407
2408
2409
2410
2411
2412
2413
2415
2417
2418
2419
2420
2421
2422
2424
2425
2429
2430
2431
2433
2435
2436
2437
2438
2439
2440
2441
2442
2443
2444
2445
2446
2448
2449
2450
2451
2452
2453
2454
2455
2456
2457
2458
2459
2460
2461
2462
2463
2464
2465
2468
2469
2470
2471
2472
2473
2474
2475
2476
2477
2479
2480
2481
2482
2483
2484
2485
2486
2487
2488
2489
2490
2491
2492
2493
2494
2495
2496
2497
2498
2499
2500
2501
2502
2503
2504
2505
2506
2507
2508
2509
2510
2511
2512
2514
2515
2517
2518
2519
2520
2521
2523
2524
2525
2526
2527
2528
2529
2530
2531
2532
2534
2535
2536
2537
2538
2539
2540
2541
2542
2543
2544
2545
2546
2547
2548
2549
2550
2551
2552
2553
2554
2555
2556
2557
2558
2560
2561
2564
2565
2566
2567
2568
2569
2571
2572
2573
2574
2575
2576
2577
2580
2581
2583
2584
2585
2586
2587
2589
2595
2596
2597
2598
2599
2602
2604
2605
2606
2607
2608
2610
2611
2612
2613
2614
2615
2616
2617
2618
2619
2620
2621
2622
2623
2625
2626
2629
2630
2631
2632
2633
2634
2635
2636
2637
2638
2641
2642
2644
2645
2646
2647
2648
2649
2650
2651
2652
2654
2655
2657
2659
2660
2661
2662
2663
2664
2665
2666
2667
2668
2669
2671
2672
2673
2674
2675
2676
2677
2678
2679
2686
2687
2688
2689
2690
2691
2692
2693
2695
2696
2697
2698
2699
2700
2701
2703
2705
2711
2712
2713
2714
2715
2716
2717
2718
2719
2720
2723
2727
2728
2729
2731
2732
2733
2735
2737
2738
2739
2742
2743
2745
2746
2747
2748
2753
2754
2755
2756
2757
2758
2759
2761
2762
2764
2765
2766
2767
2768
2769
2770
2771
2772
2773
2774
2777
2778
2779
2781
2782
2787
2789
2790
2791
2793
2795
2802
2805
2806
2808
2809
2810
2811
2812
2813
2814
2816
2817
2818
2819
2820
2821
2823
2824
2826
2827
2828
2829
2830
2833
2834
2835
2836
2837
2838
2839
2840
2841
2842
2843
2844
2845
2846
2847
2850
2851
2854
2855
2856
2857
2858
2859
2860
2861
2862
2863
2864
2865
2866
2867
2868
2869
2870
2871
2872
2873
2874
2875
2876
2877
2878
2879
2880
2881
2882
2883
2884
2885
2886
2887
2889
2890
2891
2893
2894
2895
2896
2897
2899
2900
2902
2903
2904
2905
2906
2907
2908
2909
2910
2912
2913
2918
2919
2923
2924
2925
2926
2927
2928
2930
2932
2933
2934
2937
2939
2940
2941
2943
2944
2945
2946
2947
2948
2949
2950
2951
2954
2956
2957
2958
2959
2960
2961
2962
2963
2964
2965
2966
2967
2968
2969
2971
2972
2973
2974
2975
2977
2983
2984
2985
2986
2987
2988
2989
2993
3002
3003
3005
3006
3008
3009
3010
3011
3015
3016
3017
3019
3022
3023
3024
3025
3026
3027
3028
3029
3030
3031
3033
3034
3036
3037
3039
3040
3041
3042
3043
3045
3046
3047
3048
3050
3051
3053
3055
3056
3058
3059
3060
3061
3062
3063
3064
3068
3069
3071
3072
3073
3076
3079
3080
3084
3090
3091
3093
3094
3095
3096
3097
3098
3100
3101
3102
3106
3107
3108
3109
3110
3111
3112
3114
3115
3116
3117
3118
3119
3120
3122
3123
3124
3127
3128
3130
3131
3133
3134
3136
3139
3140
3141
3143
3145
3146
3147
3148
3150
3151
3152
3153
3154
3155
3157
3159
3160
3166
3167
3168
3169
3170
3171
3172
3173
3174
3175
3176
3177
3178
3179
3180
3182
3184
3188
3189
3190
3191
3192
3193
3194
3195
3196
3197
3198
3199
3200
3201
3202
3204
3205
3206
3207
3208
3209
3210
3215
3216
3217
3218
3220
3221
3222
3224
3225
3226
3227
3229
3230
3232
3233
3234
3235
3236
3237
3238
3239
3240
3241
3244
3248
3250
3251
3253
3254
3256
3257
3260
3261
3262
3264
3265
3267
3269
3273
3275
3276
3277
3290
3297
3301
3302
3303
3306
3312
3315
3316
3317
3318
3319
3320
3321
3322
3323
3324
3325
3326
3327
3328
3331
3332
3334
3335
3338
3339
3340
3341
3342
3343
3344
3346
3347
3348
3349
3350
3352
3353
3354
3355
3356
3357
3358
3360
3361
3362
3363
3364
3365
3369
3371
3372
3373
3374
3375
3376
3377
3378
3380
3381
3382
3383
3384
3385
3387
3388
3390
3391
3393
3394
3395
3396
3397
3398
3399
3400
3401
3402
3403
3404
3406
3407
3408
3409
3410
3413
3414
3415
3416
3417
3418
3419
3420
3422
3425
3426
3427
3428
3429
3430
3431
3432
3435
3436
3438
3439
3440
3441
3442
3443
3444
3445
3446
3447
3448
3449
3450
3452
3453
3454
3455
3456
3458
3459
3461
3462
3463
3464
3465
3467
3468
3469
3470
3471
3472
3473
3474
3475
3478
3479
3480
3481
3482
3483
3484
3485
3486
3487
3488
3489
3490
3491
3492
3493
3494
3495
3496
3497
3502
3503
3504
3505
3507
3508
3509
3510
3511
3512
3513
3514
3515
3519
3520
3522
3523
3524
3525
3527
3530
3531
3534
3536
3537
3539
3541
3542
3544
3547
3548
3549
3550
3551
3552
3553
3554
3555
3556
3557
3558
3559
3561
3562
3564
3565
3566
3567
3568
3569
3570
3571
3572
3573
3574
3576
3577
3586
3587
3588
3589
3590
3591
3595
3596
3597
3598
3599
3600
3601
3602
3603
3604
3605
3608
3610
3613
3617
3620
3621
3622
3623
3624
3625
3626
3627
3628
3629
3631
3632
3633
3634
3635
3636
3637
3639
3640
3643
3645
3646
3647
3648
3649
3650
3651
3652
3653
3654
3655
3656
3657
3658
3660
3661
3669
3670
3671
3674
3676
3678
3679
3680
3681
3683
3684
3685
3686
3687
3689
3705
3706
3708
3709
3712
3713
3715
3721
3722
3725
3731
3732
3733
3734
3736
3737
3741
3742
3745
3746
3747
3754
3756
3757
3760
3761
3763
3772
3773
3774
3777
3778
3779
3781
3786
3787
3788
3795
3798
3799
3802
3804
3806
3811
3815
3816
3817
3821
3823
3825
3826
3828
3832
3834
3840
3842
3847
3848
3849
3852
3853
3863
3864
3865
3867
3869
3870
3871
3872
3883
3885
3886
3888
3889
3890
3891
3892
3893
3894
3895
3896
3897
3898
3899
3902
3903
3904
3905
3906
3907
3908
3909
3910
3911
3912
3914
3915
3916
3917
3918
3919
3920
3921
3922
3923
3924
3925
3926
3927
3928
3929
3930
3931
3932
3933
3935
3955
3956
3957
3958
3962
3963
3965
3966
3967
3968
3969
3970
3972
3973
3974
3975
3976
3978
3979
3980
3981
3982
3983
3984
3986
3988
3989
3990
3991
3992
3993
3994
3995
3996
3997
4000
4002
4003
4004
4005
4006
4007
4008
4009
4012
4013
4014
4017
4018
4022
4023
4024
4025
4027
4030
4033
4034
4035
4036
4038
4042
4043
4044
4050
4052
4053
4055
4059
4064
4065
4066
4067
4069
4074
4075
4076
4077
4081
4082
4083
4084
4086
4088
4108
4114
4115
4126
4129
4130
4132
4134
4135
4140
4141
4142
4143
4144
4145
4146
4147
4148
4149
4151
4152
4153
4154
4155
4156
4157
4160
4161
4163
4164
4165
4166
4167
4168
4169
4170
4171
4174
4175
4176
4177
4178
4179
4182
4183
4185
4186
4187
4188
4189
4190
4194
4195
4199
4201
4203
4206
4207
4208
4209
4212
4214
4215
4216
4222
4224
4225
4226
4227
4230
4231
4233
4234
4235
4237
4238
4240
4244
4245
4247
4248
4250
4251
4252
4253
4254
4256
4258
4259
4260
4262
4264
4265
4266
4267
4268
4269
4270
4271
4272
4273
4276
4277
4278
4279
4280
4281
4282
4283
4284
4285
4287
4288
4290
4291
4292
4293
4294
4295
4298
4301
4303
4304
4305
4306
4308
4309
4310
4313
4320
4322
4324
4326
4328
4329
4330
4332
4333
4335
4337
4339
4341
4344
4345
4346
4350
4363
4365
4366
4369
4370
4371
4373
4374
4375
4376
4377
4380
4381
4383
4385
4386
4387
4388
4389
4390
4391
4392
4393
4394
4395
4396
4397
4398
4399
4400
4401
4402
4404
4405
4409
4410
4411
4412
4413
4414
4415
4416
4417
4418
4419
4421
4422
4425
4426
4427
4428
4429
4430
4433
4434
4436
4437
4439
4440
4441
4442
4443
4444
4445
4446
4447
4448
4449
4450
4451
4453
4460
4462
4463
4464
4465
4466
4467
4469
4472
4473
4475
4476
4477
4478
4479
4481
4482
4483
4484
4485
4486
4487
4488
4489
4491
4492
4493
4494
4497
4499
4500
4501
4502
4503
4504
4505
4506
4510
4511
4512
4513
4514
4515
4516
4517
4518
4520
4521
4526
4529
4530
4531
4532
4533
4534
4536
4538
4539
4541
4542
4543
4546
4547
4548
4549
4550
4551
4552
4553
4554
4556
4557
4559
4560
4561
4562
4563
4564
4565
4566
4567
4568
4569
4570
4571
4572
4575
4576
4578
4579
4580
4581
4582
4583
4585
4586
4587
4588
4590
4591
4592
4593
4594
4595
4596
4597
4598
4600
4601
4602
4606
4607
4608
4609
4614
4615
4616
4617
4618
4620
4621
4622
4624
4625
4629
4630
4631
4633
4635
4636
4638
4639
4640
4641
4642
4643
4644
4645
4648
4649
4651
4652
4653
4654
4655
4656
4657
4658
4659
4660
4661
4662
4663
4664
4665
4666
4667
4668
4669
4672
4673
4675
4676
4677
4678
4682
4683
4684
4685
4686
4687
4690
4691
4692
4693
4694
4695
4696
4697
4698
4700
4701
4702
4703
4704
4705
4707
4708
4709
4710
4711
4712
4713
4714
4715
4716
4717
4718
4719
4721
4722
4723
4724
4725
4726
4727
4728
4729
4731
4732
4735
4736
4737
4738
4739
4740
4741
4742
4743
4744
4745
4748
4749
4750
4765
4766
4767
4768
4769
4770
4771
4772
4773
4774
4775
4776
4777
4778
4779
4780
4781
4783
4785
4786
4787
4788
4789
4790
4791
4792
4793
4794
4795
4797
4799
4800
4802
4803
4804
4805
4806
4807
4808
4809
4810
4811
4812
4814
4815
4816
4817
4818
4819
4820
4821
4823
4826
4827
4828
4829
4830
4831
4833
4836
4838
4839
4841
4842
4843
4845
4846
4847
4848
4849
4851
4854
4858
4859
4861
4863
4867
4868
4869
4870
4871
4872
4873
4875
4877
4878
4880
4881
4882
4884
4888
4889
4890
4891
4893
4894
4895
4896
4897
4898
4899
4900
4901
4902
4905
4906
4908
4909
4910
4912
4913
4914
4915
4919
4920
4921
4924
4926
4928
4929
4930
4931
4932
4933
4934
4935
4936
4937
4938
4939
4940
4941
4944
4945
4946
4947
4948
4949
4950
4951
4952
4953
4954
4955
4956
4957
4958
4959
4960
4961
4964
4965
4966
4967
4968
4969
4970
4971
4972
4973
4974
4975
4976
4978
4979
4980
4981
4982
4983
4984
4986
4987
4992
4993
4994
4995
4998
5000
5001
5003
5005
5006
5012
5014
5016
5017
5018
5019
5020
5021
5022
5027
5028
5029
5031
5032
5033
5034
5035
5036
5037
5038
5039
5040
5041
5042
5044
5045
5046
5047
5048
5049
5050
5051
5052
5053
5056
5060
5061
5062
5063
5065
5066
5068
5069
5070
5072
5073
5074
5075
5076
5077
5078
5079
5080
5081
5082
5083
5084
5085
5086
5087
5088
5089
5090
5091
5092
5094
5095
5096
5097
5098
5099
5100
5101
5102
5103
5104
5105
5106
5107
5108
5109
5110
5111
5112
5113
5114
5116
5120
5121
5122
5123
5124
5125
5126
5129
5130
5131
5132
5134
5138
5140
5141
5142
5144
5147
5149
5151
5153
5154
5155
5156
5157
5159
5160
5166
5167
5169
5170
5171
5172
5173
5177
5178
5179
5180
5181
5183
5194
5195
5196
5197
5198
5204
5207
5209
5210
5211
5213
5214
5217
5218
5219
5221
5222
5223
5227
5230
5231
5232
5249
5250
5251
5252
5253
5254
5255
5256
5257
5258
5259
5260
5261
5265
5266
5267
5268
5269
5271
5272
5273
5278
5283
5284
5285
5286
5287
5289
5290
5291
5293
5294
5296
5297
5298
5301
5302
5303
5304
5305
5306
5307
5309
5311
5314
5315
5316
5317
5319
5325
5327
5329
5331
5333
5338
5342
5343
5344
5345
5346
5349
5352
5353
5354
5355
5356
5358
5359
5360
5361
5362
5364
5367
5368
5371
5372
5373
5374
5375
5376
5377
5378
5379
5380
5382
5384
5385
5386
5387
5390
5391
5392
5393
5394
5395
5396
5397
5398
5403
5406
5407
5410
5411
5412
5414
5415
5416
5418
5419
5421
5422
5423
5425
5426
5427
5429
5430
5431
5432
5433
5434
5435
5437
5438
5439
5440
5441
5442
5443
5444
5445
5446
5448
5449
5451
5452
5453
5454
5455
5457
5459
5460
5462
5463
5464
5465
5466
5467
5471
5474
5475
5480
5481
5484
5485
5487
5488
5490
5491
5492
5493
5494
5495
5496
5498
5501
5502
5503
5504
5506
5507
5508
5510
5511
5512
5513
5514
5515
5516
5517
5518
5519
5520
5521
5523
5524
5525
5526
5527
5528
5529
5530
5531
5532
5533
5535
5536
5537
5538
5539
5541
5542
5544
5548
5549
5550
5551
5552
5553
5555
5556
5557
5558
5560
5561
5562
5563
5565
5566
5567
5570
5571
5574
5576
5577
5579
5581
5582
5585
5587
5589
5590
5591
5592
5597
5598
5599
5600
5603
5604
5605
5606
5607
5613
5614
5615
5616
5618
5619
5621
5622
5624
5625
5626
5627
5628
5630
5632
5634
5636
5637
5638
5641
5643
5644
5645
5649
5650
5651
5652
5653
5654
5655
5656
5657
5658
5659
5660
5661
5662
5665
5667
5670
5672
5675
5676
5677
5678
5679
5680
5681
5682
5683
5684
5685
5686
5689
5690
5691
5693
5694
5695
5696
5697
5698
5700
5701
5702
5703
5704
5705
5707
5708
5709
5711
5713
5714
5715
5716
5717
5718
5719
5720
5721
5722
5723
5724
5725
5729
5730
5732
5733
5735
5737
5738
5739
5740
5741
5742
5743
5744
5745
5746
5747
5748
5750
5751
5752
5753
5754
5755
5756
5757
5758
5759
5760
5761
5762
5763
5764
5765
5766
5767
5768
5769
5771
5772
5773
5774
5775
5776
5778
5779
5782
5783
5784
5785
5786
5787
5788
5789
5790
5791
5792
5793
5794
5795
5796
5797
5798
5799
5800
5801
5802
5803
5804
5805
5806
5808
5810
5815
5816
5817
5818
5819
5820
5821
5822
5823
5824
5825
5827
5831
5833
5834
5835
5836
5837
5841
5842
5844
5845
5846
5847
5848
5849
5850
5851
5852
5853
5854
5855
5856
5857
5858
5859
5860
5862
5863
5864
5866
5869
5870
5871
5872
5873
5874
5875
5876
5877
5878
5879
5880
5881
5882
5883
5884
5885
5886
5887
5889
5890
5891
5892
5896
5897
5898
5899
5902
5903
5904
5907
5908
5909
5910
5911
5912
5913
5914
5915
5917
5922
5923
5924
5925
5926
5929
5930
5931
5932
5933
5937
5938
5939
5940
5941
5942
5944
5945
5946
5948
5949
5950
5953
5954
5962
5963
5964
5965
5966
5972
5973
5976
5977
5978
5979
5980
5981
5984
5985
5987
5988
5989
5990
5991
5994
5996
5997
5998
5999
6000
6001
6002
6003
6005
6007
6008
6009
6010
6012
6013
6014
6015
6016
6017
6018
6019
6020
6022
6029
6033
6034
6035
6036
6037
6041
6042
6043
6044
6045
6048
6049
6050
6051
6052
6057
6058
6059
6060
6061
6063
6064
6065
6066
6067
6068
6069
6070
6071
6072
6075
6076
6083
6086
6087
6089
6090
6091
6092
6093
6097
6099
6100
6102
6103
6104
6105
6106
6107
6109
6110
6111
6112
6113
6114
6115
6116
6117
6118
6119
6120
6121
6122
6123
6124
6125
6126
6127
6128
6130
6131
6133
6134
6135
6136
6137
6138
6139
6140
6141
6142
6143
6144
6145
6146
6147
6148
6149
6150
6153
6154
6155
6156
6157
6158
6160
6161
6162
6163
6164
6165
6166
6168
6169
6170
6171
6172
6173
6174
6178
6180
6185
6186
6187
6188
6189
6190
6192
6193
6194
6195
6196
6197
6198
6200
6201
6208
6209
6210
6212
6213
6217
6218
6219
6220
6221
6222
6223
6224
6225
6227
6230
6232
6236
6237
6238
6239
6242
6243
6244
6250
6251
6252
6253
6255
6256
6258
6261
6265
6271
6273
6276
6278
6283
6286
6288
6289
6290
6295
6298
6301
6302
6304
6305
6306
6307
6309
6312
6314
6316
6318
6319
6322
6323
6324
6325
6328
6329
6330
6331
6332
6333
6334
6335
6336
6337
6339
6344
6345
6346
6348
6353
6354
6355
6356
6357
6358
6361
6362
6363
6364
6365
6366
6367
6368
6369
6370
6372
6373
6374
6375
6377
6378
6380
6381
6382
6384
6385
6386
6387
6388
6389
6390
6392
6393
6394
6395
6396
6397
6398
6399
6400
6401
6402
6403
6406
6407
6408
6409
6410
6412
6413
6414
6415
6416
6417
6418
6419
6420
6421
6422
6423
6424
6425
6426
6427
6428
6429
6430
6431
6432
6433
6434
6435
6436
6437
6438
6440
6443
6444
6449
6450
6451
6452
6453
6460
6461
6462
6463
6464
6465
6466
6467
6473
6474
6476
6477
6485
6486
6487
6488
6489
6492
6494
6496
6497
6499
6503
6504
6505
6506
6507
6508
6509
6510
6511
6512
6514
6515
6516
6517
6518
6519
6520
6521
6522
6523
6524
6525
6526
6528
6529
6531
6536
6537
6538
6539
6540
6541
6542
6543
6544
6545
6546
6547
6548
6549
6550
6551
6553
6554
6555
6556
6561
6562
6564
6565
6566
6568
6569
6570
6571
6573
6574
6577
6578
6579
6581
6590
6592
6594
6595
6596
6597
6601
6602
6603
6604
6605
6606
6607
6609
6610
6611
6612
6613
6614
6615
6616
6617
6618
6620
6621
6622
6623
6624
6625
6626
6627
6628
6629
6631
6633
6635
6636
6645
6646
6647
6651
6652
6653
6654
6655
6656
6658
6659
6660
6662
6663
6665
6666
6668
6669
6670
6671
6673
6674
6675
6676
6678
6679
6680
6681
6682
6683
6684
6685
6686
6687
6688
6689
6690
6691
6692
6693
6694
6695
6696
6697
6698
6699
6700
6702
6705
6707
6708
6709
6712
6713
6715
6716
6719
6720
6721
6722
6723
6726
6728
6732
6733
6735
6736
6737
6739
6741
6745
6746
6748
6749
6750
6751
6752
6753
6754
6755
6756
6757
6758
6759
6762
6763
6764
6765
6766
6767
6770
6771
6774
6778
6780
6781
6782
6783
6784
6788
6790
6792
6794
6795
6796
6797
6798
6799
6801
6802
6803
6804
6805
6806
6807
6808
6809
6811
6812
6814
6815
6817
6818
6820
6821
6822
6823
6824
6825
6826
6827
6828
6829
6830
6831
6832
6833
6834
6836
6837
6838
6839
6840
6841
6842
6843
6844
6846
6847
6848
6849
6851
6854
6857
6858
6859
6860
6861
6862
6863
6864
6865
6866
6867
6869
6870
6871
6872
6873
6876
6877
6878
6879
6880
6881
6882
6883
6886
6888
6889
6890
6893
6894
6895
6897
6898
6899
6904
6905
6906
6921
6922
6923
6925
6926
6927
6929
6930
6932
6933
6934
6935
6936
6937
6940
6943
6945
6946
6947
6948
6949
6957
6958
6959
6960
6962
6963
6966
6967
6968
6969
6970
6971
6972
6993
6994
6996
6997
6998
6999
7001
7002
7003
7004
7005
7006
7007
7008
7009
7010
7011
7012
7013
7014
7015
7016
7017
7022
7023
7024
7025
7026
7027
7028
7029
7031
7032
7033
7034
7035
7036
7037
7038
7039
7040
7041
7042
7043
7045
7046
7048
7049
7050
7052
7053
7054
7055
7056
7057
7058
7059
7060
7062
7063
7064
7065
7067
7068
7069
7070
7071
7072
7073
7074
7075
7076
7077
7078
7079
7080
7081
7082
7083
7085
7087
7088
7089
7090
7091
7092
7093
7094
7095
7096
7097
7098
7099
7100
7101
7102
7103
7105
7106
7111
7112
7114
7117
7119
7120
7121
7122
7123
7124
7125
7127
7128
7129
7130
7132
7135
7136
7137
7138
7139
7142
7143
7144
7145
7146
7147
7148
7149
7158
7160
7164
7168
7171
7172
7173
7175
7176
7178
7179
7180
7181
7182
7183
7185
7186
7187
7188
7189
7190
7191
7195
7196
7197
7198
7199
7201
7202
7203
7204
7205
7206
7207
7208
7209
7210
7211
7212
7213
7214
7215
7216
7217
7218
7219
7220
7221
7222
7223
7224
7225
7226
7227
7228
7230
7232
7233
7234
7235
7237
7238
7239
7243
7244
7245
7248
7249
7250
7251
7252
7253
7254
7255
7256
7257
7258
7259
7260
7262
7263
7264
7265
7266
7267
7268
7269
7270
7271
7272
7273
7274
7275
7276
7277
7279
7281
7282
7283
7284
7285
7287
7290
7291
7292
7295
7296
7297
7298
7299
7300
7301
7302
7303
7307
7308
7310
7311
7312
7313
7316
7317
7318
7319
7320
7321
7322
7323
7325
7326
7327
7328
7334
7341
7343
7344
7345
7346
7348
7350
7352
7353
7354
7356
7357
7358
7359
7360
7361
7362
7363
7364
7365
7366
7367
7368
7369
7370
7377
7421
7422
7436
7437
7601
7605
7718
7737
7816
7818
7819
7820
7822
7823
7824
7825
7826
7827
7828
7830
7832
7833
7834
7835
7836
7837
7838
7839
7840
7841
7842
7843
7844
7845
7847
7848
7849
7850
7851
7852
7853
7854
7855
7857
7858
7859
7861
7862
7863
7864
7866
7868
7869
7870
7871
7872
7873
7874
7875
7876
7878
7879
7881
7882
7883
7884
7885
7887
7888
7889
7890
7891
7892
7893
7894
7895
7896
7897
7898
7899
7900
7901
7902
7903
7904
7905
7906
7907
7908
7909
7910
7911
7912
7913
7915
7916
7917
7919
7920
7922
7923
7924
7925
7926
7928
7930
7931
7932
7933
7934
7935
7936
7942
7943
7944
7945
7946
7947
7948
7950
7953
7954
7955
7956
7957
7960
7961
7962
7963
7964
7965
7966
7967
7968
7969
7971
7972
7974
7975
7976
7977
7978
7979
7980
7981
7985
7986
7987
7988
7989
7990
7991
7994
7995
7999
8000
8001
8002
8003
8004
8005
8006
8007
8008
8012
8018
8023
8024
8025
8026
8029
8030
8031
8032
8034
8035
8036
8037
8038
8042
8043
8044
8045
8046
8047
8048
8049
8050
8051
8052
8053
8054
8055
8056
8057
8058
8059
8064
8065
8066
8070
8076
8079
8080
8081
8082
8083
8086
8087
8090
8091
8092
8093
8094
8095
8096
8097
8098
8099
8100
8101
8102
8103
8104
8105
8106
8107
8108
8109
8110
8111
8112
8113
8114
8115
8116
8117
8118
8119
8120
8121
8122
8123
8125
8126
8127
8128
8130
8131
8133
8134
8135
8136
8137
8138
8139
8140
8141
8142
8143
8144
8145
8146
8147
8148
8149
8150
8151
8152
8153
8154
8155
8156
8157
8158
8159
8160
8161
8162
8163
8164
8165
8170
8171
8172
8173
8176
8178
8179
8181
8182
8184
8185
8186
8187
8188
8189
8190
8195
8197
8198
8199
8200
8202
8205
8206
8207
8208
8209
8210
8211
8212
8213
8214
8216
8217
8218
8220
8221
8222
8226
8227
8228
8229
8231
8232
8233
8234
8235
8236
8237
8238
8239
8240
8241
8242
8243
8246
8247
8248
8249
8250
8251
8252
8253
8254
8256
8257
8258
8259
8260
8261
8262
8263
8264
8265
8266
8267
8270
8273
8274
8275
8278
8279
8280
8281
8282
8283
8284
8286
8287
8288
8289
8290
8291
8292
8293
8294
8295
8296
8297
8298
8300
8304
8305
8309
8310
8312
8314
8320
8321
8322
8329
8330
8332
8338
8348
8350
8351
8352
8355
8356
8357
8358
8359
8360
8362
8363
8364
8365
8366
8369
8371
8375
8376
8378
8380
8381
8382
8385
8387
8388
8390
8391
8392
8393
8395
8397
8399
8400
8401
8402
8403
8404
8405
8406
8407
8408
8409
8410
8411
8412
8413
8414
8415
8416
8417
8418
8419
8420
8421
8422
8423
8424
8427
8429
8430
8432
8434
8435
8438
8439
8440
8441
8443
8445
8446
8452
8453
8454
8455
8456
8457
8459
8462
8463
8464
8465
8468
8470
8471
8473
8474
8475
8476
8477
8478
8479
8482
8483
8484
8485
8486
8487
8488
8489
8491
8492
8493
8494
8495
8496
8497
8498
8499
8501
8502
8503
8504
8505
8506
8507
8508
8509
8512
8514
8515
8516
8517
8518
8519
8520
8521
8522
8524
8525
8528
8529
8532
8534
8535
8541
8544
8557
8558
8559
8560
8561
8562
8563
8564
8565
8568
8569
8570
8571
8572
8573
8574
8575
8576
8579
8581
8583
8584
8585
8586
8587
8589
8590
8592
8593
8596
8597
8601
8602
8603
8604
8605
8606
8607
8609
8610
8611
8612
8614
8616
8618
8619
8620
8626
8627
8629
8630
8631
8632
8634
8635
8636
8643
8645
8646
8647
8648
8649
8650
8651
8652
8653
8654
8655
8656
8657
8658
8661
8662
8663
8665
8666
8667
8668
8669
8670
8671
8675
8677
8678
8679
8680
8681
8682
8683
8684
8685
8687
8688
8689
8690
8691
8692
8693
8694
8695
8697
8699
8700
8701
8702
8703
8704
8705
8706
8707
8708
8711
8714
8717
8718
8719
8721
8722
8728
8730
8735
8740
8747
8748
8751
8753
8754
8756
8758
8759
8761
8764
8765
8766
8769
8770
8771
8772
8773
8774
8775
8776
8777
8781
8786
8787
8794
8795
8796
8797
8799
8801
8802
8803
8805
8806
8807
8810
8811
8812
8813
8814
8815
8817
8818
8819
8820
8821
8822
8823
8824
8825
8827
8828
8829
8830
8831
8832
8833
8836
8837
8838
8839
8840
8841
8848
8849
8851
8852
8853
8855
8860
8861
8863
8864
8865
8866
8867
8868
8869
8873
8885
8892
8894
8895
8896
8897
8901
8902
8904
8906
8907
8908
8909
8911
8912
8913
8914
8916
8918
8919
8920
8921
8922
8923
8924
8925
8926
8927
8928
8929
8930
8932
8935
8936
8937
8938
8941
8942
8943
8944
8947
8950
8951
8952
8953
8954
8956
8957
8958
8959
8960
8961
8962
8963
8966
8967
8970
8971
8974
8976
8977
8978
8981
8982
8983
8984
8988
8989
8991
8992
8993
8994
8995
8998
8999
9002
9003
9004
9005
9006
9009
9010
9012
9013
9014
9015
9016
9017
9021
9022
9023
9026
9028
9029
9030
9031
9032
9033
9034
9039
9041
9043
9044
9045
9046
9049
9052
9055
9056
9057
9058
9059
9060
9061
9062
9063
9066
9068
9069
9071
9072
9073
9074
9075
9076
9077
9083
9084
9085
9086
9088
9089
9090
9091
9093
9094
9095
9096
9098
9105
9106
9111
9115
9116
9121
9122
9123
9124
9125
9126
9127
9132
9134
9137
9138
9139
9140
9141
9142
9143
9144
9145
9146
9147
9148
9149
9150
9153
9154
9155
9156
9157
9158
9162
9165
9166
9167
9168
9169
9170
9171
9172
9174
9178
9179
9181
9182
9184
9185
9186
9187
9189
9190
9191
9192
9193
9194
9195
9196
9197
9201
9202
9203
9204
9205
9206
9207
9208
9210
9211
9212
9213
9214
9215
9216
9217
9218
9219
9221
9222
9223
9224
9225
9226
9229
9232
9235
9236
9237
9238
9239
9242
9243
9244
9247
9251
9252
9253
9259
9264
9266
9267
9275
9276
9277
9278
9279
9280
9281
9282
9284
9285
9286
9287
9288
9289
9290
9291
9292
9294
9295
9296
9298
9299
9301
9302
9303
9304
9305
9306
9307
9308
9309
9310
9311
9312
9313
9314
9315
9316
9317
9318
9319
9320
9325
9326
9327
9328
9329
9331
9332
9335
9336
9337
9339
9341
9342
9343
9344
9345
9346
9347
9348
9349
9350
9354
9355
9356
9357
9358
9359
9361
9362
9365
9366
9367
9368
9369
9370
9371
9372
9373
9374
9375
9376
9377
9378
9379
9380
9382
9383
9384
9385
9386
9387
9388
9389
9390
9391
9392
9393
9394
9395
9396
9397
9398
9399
9401
9402
9404
9405
9406
9407
9408
9409
9410
9411
9412
9413
9414
9415
9416
9417
9418
9419
9420
9421
9422
9423
9424
9425
9427
9428
9429
9430
9434
9436
9437
9439
9440
9441
9442
9443
9444
9445
9446
9447
9448
9449
9450
9452
9454
9455
9456
9457
9458
9459
9462
9463
9464
9465
9466
9467
9468
9469
9470
9471
9473
9474
9475
9476
9477
9478
9479
9480
9481
9482
9485
9487
9495
9496
9498
9499
9500
9501
9502
9503
9504
9505
9506
9507
9508
9513
9514
9515
9517
9518
9519
9520
9521
9522
9523
9524
9525
9526
9527
9528
9529
9530
9531
9532
9535
9538
9543
9544
9545
9546
9547
9552
9553
9555
9556
9557
9558
9559
9563
9564
9565
9566
9567
9570
9571
9572
9574
9575
9576
9580
9584
9585
9589
9591
9592
9594
9597
9598
9599
9601
9602
9603
9605
9606
9607
9608
9609
9610
9611
9612
9614
9615
9616
9617
9619
9620
9621
9622
9623
9624
9628
9629
9631
9633
9634
9635
9636
9637
9638
9644
9652
9656
9660
9665
9666
9667
9668
9669
9671
9672
9673
9674
9675
9676
9678
9680
9683
9684
9685
9686
9688
9690
9691
9692
9693
9694
9695
9696
9697
9698
9699
9700
9701
9702
9704
9705
9706
9707
9708
9709
9710
9711
9713
9714
9715
9716
9717
9718
9719
9720
9721
9722
9723
9724
9725
9726
9728
9729
9732
9733
9734
9735
9736
9737
9738
9739
9740
9741
9752
9754
9755
9758
9759
9761
9762
9765
9766
9767
9768
9769
9770
9771
9772
9773
9774
9775
9776
9777
9779
9780
9781
9782
9783
9784
9785
9786
9790
9794
9795
9796
9797
9798
9799
9800
9801
9802
9803
9804
9805
9808
9809
9810
9812
9813
9814
9815
9816
9817
9818
9820
9821
9822
9824
9826
9828
9830
9833
9835
9837
9838
9839
9840
9842
9843
9845
9849
9850
9851
9852
9853
9862
9865
9866
9867
9868
9869
9870
9873
9874
9875
9876
9877
9878
9879
9880
9881
9884
9887
9891
9892
9895
9896
9898
9899
9900
9903
9906
9907
9914
9922
9924
9929
9933
9939
9941
9943
9950
9951
9952
9955
9958
9971
9975
9986
9990
9994
9996
10000
10002
10006
10007
10009
10010
10012
10013
10014
10016
10017
10018
10019
10020
10021
10022
10028
10029
10030
10031
10032
10033
10035
10037
10038
10041
10042
10047
10050
10051
10052
10053
10054
10055
10056
10080
10081
10085
10086
10087
10088
10096
10098
10100
10104
10105
10106
10110
10111
10113
10118
10119
10120
10121
10122
10123
10124
10125
10127
10129
10130
10132
10135
10136
10137
10139
10142
10144
10145
10146
10147
10148
10150
10151
10152
10153
10154
10155
10158
10159
10162
10163
10165
10166
10168
10169
10171
10174
10176
10177
10179
10180
10184
10185
10187
10188
10196
10197
10199
10200
10201
10202
10203
10204
10205
10206
10207
10208
10209
10210
10211
10212
10213
10214
10215
10216
10217
10218
10219
10220
10221
10222
10223
10224
10225
10226
10227
10228
10229
10230
10232
10234
10235
10236
10237
10238
10239
10240
10242
10243
10244
10245
10246
10248
10249
10250
10253
10254
10255
10256
10257
10258
10259
10260
10261
10262
10263
10264
10267
10269
10270
10272
10273
10274
10276
10278
10280
10284
10286
10287
10288
10289
10290
10292
10293
10294
10295
10297
10299
10300
10301
10302
10303
10304
10305
10306
10308
10310
10311
10312
10313
10314
10317
10321
10324
10335
10336
10337
10339
10340
10341
10346
10347
10348
10349
10353
10354
10356
10357
10358
10359
10366
10368
10372
10373
10376
10377
10379
10382
10384
10385
10387
10388
10389
10390
10391
10392
10396
10397
10398
10402
10403
10404
10405
10407
10408
10409
10410
10411
10413
10415
10417
10418
10419
10420
10421
10422
10423
10424
10426
10427
10430
10431
10432
10433
10436
10437
10438
10439
10440
10441
10442
10443
10444
10445
10446
10447
10448
10449
10450
10451
10452
10453
10454
10455
10456
10466
10470
10471
10472
10473
10474
10475
10477
10478
10480
10481
10482
10483
10484
10485
10487
10488
10489
10490
10492
10493
10494
10495
10496
10497
10498
10499
10500
10501
10502
10503
10507
10508
10510
10511
10512
10513
10514
10515
10516
10517
10518
10519
10520
10521
10522
10523
10524
10525
10526
10527
10528
10529
10530
10531
10532
10537
10539
10540
10541
10542
10543
10544
10545
10546
10547
10548
10550
10553
10554
10556
10557
10558
10559
10560
10561
10562
10563
10565
10566
10567
10569
10570
10571
10572
10577
10578
10580
10582
10583
10584
10585
10586
10587
10588
10589
10590
10591
10592
10593
10594
10595
10596
10597
10598
10600
10601
10602
10603
10604
10605
10606
10607
10609
10610
10612
10613
10614
10615
10616
10617
10618
10619
10620
10622
10624
10625
10626
10627
10628
10629
10630
10633
10634
10635
10636
10639
10640
10642
10643
10644
10646
10647
10648
10651
10652
10656
10657
10658
10660
10661
10668
10669
10670
10671
10672
10673
10676
10677
10678
10680
10681
10682
10686
10687
10688
10689
10690
10691
10692
10693
10694
10695
10697
10700
10703
10705
10707
10708
10709
10716
10717
10718
10719
10720
10721
10723
10724
10725
10726
10727
10728
10729
10730
10733
10734
10735
10736
10737
10738
10740
10741
10743
10744
10745
10747
10748
10749
10750
10751
10752
10753
10754
10755
10756
10758
10760
10761
10762
10763
10764
10766
10767
10773
10774
10775
10776
10777
10778
10779
10780
10781
10782
10783
10784
10786
10787
10788
10789
10790
10791
10792
10793
10795
10796
10798
10800
10801
10802
10803
10804
10805
10806
10807
10808
10809
10810
10812
10813
10814
10815
10816
10817
10818
10819
10822
10823
10825
10826
10827
10828
10829
10830
10831
10832
10833
10835
10837
10838
10839
10841
10842
10843
10844
10845
10847
10848
10849
10850
10851
10852
10853
10854
10855
10856
10857
10858
10859
10861
10862
10863
10864
10865
10866
10867
10868
10869
10870
10871
10872
10873
10874
10875
10876
10877
10878
10880
10881
10882
10883
10884
10885
10886
10887
10888
10889
10891
10893
10897
10898
10899
10900
10901
10902
10903
10904
10905
10906
10907
10909
10910
10911
10912
10913
10916
10917
10920
10922
10928
10929
10931
10932
10934
10935
10937
10939
10940
10943
10944
10946
10947
10949
10950
10951
10952
10953
10954
10955
10956
10957
10958
10960
10961
10962
10963
10964
10965
10966
10968
10970
10977
10979
10980
10982
10985
10986
10989
10991
10992
10993
10994
10995
10996
10997
10998
10999
11000
11001
11003
11004
11005
11007
11008
11009
11010
11011
11012
11013
11014
11015
11016
11017
11018
11022
11023
11025
11026
11027
11028
11031
11032
11033
11034
11035
11040
11042
11045
11046
11047
11048
11049
11053
11054
11056
11059
11063
11064
11065
11068
11069
11070
11071
11073
11075
11076
11078
11079
11082
11083
11084
11085
11086
11087
11091
11092
11093
11095
11101
11102
11103
11104
11111
11112
11113
11114
11115
11119
11120
11121
11122
11123
11124
11125
11127
11128
11129
11131
11132
11133
11134
11135
11136
11137
11140
11141
11142
11151
11152
11177
11184
11189
11197
11209
11210
11212
11213
11214
11219
11220
11225
11226
11234
11258
11259
11260
11279
11316
11326
11339
11340
11342
11351
11363
11367
11370
11376
11377
11383
11386
11388
11391
11395
11407
11414
11417
11420
11427
11441
11447
11451
11459
11460
11463
11477
11493
11499
11508
11511
11512
11513
11514
11515
11519
11533
11537
11543
11544
11545
11546
11547
11548
11549
11554
11556
11557
11560
11561
11562
11564
11565
11569
11571
11572
11573
11574
11581
11582
11584
11585
11586
11587
11590
11591
11593
11594
11596
11597
11598
11602
11607
11608
11609
11610
11611
11614
11615
11616
11617
11621
11630
11631
11632
11633
11634
11635
11636
11637
11638
11639
11642
11643
11644
11645
11646
11647
11648
11649
11651
11652
11653
11654
11655
11697
11699
11701
11702
11704
11705
11706
11707
11708
11709
11710
11711
11712
11713
11715
11717
11718
11719
11720
11721
11722
11723
11724
11725
11726
11727
11730
11731
11732
11733
11734
11735
11736
11737
11738
11739
11740
11741
11742
11743
11746
11747
11748
11749
11750
11751
11752
11755
11756
11757
11763
11766
11767
11768
11769
11771
11774
11775
11776
11777
11778
11779
11780
11781
11783
11784
11785
11788
11789
11790
11791
11794
11796
11797
11798
11801
11802
11803
11804
11805
11807
11813
11814
11815
11816
11817
11819
11820
11821
11822
11823
11824
11825
11826
11827
11828
11829
11832
11833
11834
11836
11837
11838
11839
11840
11841
11842
11843
11844
11845
11846
11847
11848
11853
11855
11858
11859
11869
11871
11902
11914
11919
11925
11926
11929
11931
11932
11933
11934
11935
11936
11937
11940
11942
11943
11944
11945
11946
11947
11948
11949
11950
11951
11952
11953
11954
11955
11956
11957
11958
11959
11960
11964
11965
11966
11967
11968
11969
11970
11971
11972
11973
11975
11976
11977
11978
11979
11981
11983
11984
11985
11986
11987
11988
11989
11990
11991
11992
11993
11994
11995
11996
11997
11998
11999
12000
12001
12002
12003
12004
12005
12006
12007
12008
12009
12010
12011
12012
12013
12014
12015
12016
12017
12018
12019
12020
12021
12022
12023
12024
12025
12026
12028
12029
12032
12033
12034
12035
12036
12038
12039
12040
12041
12044
12046
12051
12052
12053
12056
12057
12058
12059
12060
12061
12062
12064
12065
12067
12069
12071
12073
12074
12075
12076
12077
12078
12079
12080
12081
12083
12084
12085
12087
12088
12089
12090
12091
12092
12093
12094
12095
12096
12097
12099
12100
12101
12102
12104
12105
12106
12107
12108
12110
12111
12112
12113
12114
12115
12116
12117
12118
12119
12120
12121
12122
12123
12124
12125
12126
12127
12128
12129
12130
12131
12132
12133
12134
12135
12137
12138
12139
12141
12142
12143
12145
12150
12152
12153
12154
12155
12156
12157
12158
12161
12163
12164
12165
12166
12167
12168
12172
12173
12175
12177
12179
12180
12182
12183
12184
12185
12186
12187
12188
12189
12190
12192
12193
12198
12200
12203
12205
12208
12211
12212
12213
12214
12215
12216
12217
12218
12219
12220
12223
12227
12228
12230
12231
12232
12235
12237
12238
12239
12240
12242
12243
12244
12245
12246
12249
12250
12251
12252
12253
12254
12256
12257
12259
12261
12262
12263
12264
12265
12266
12267
12268
12269
12271
12272
12273
12274
12275
12276
12277
12278
12279
12280
12281
12282
12283
12284
12285
12286
12287
12288
12289
12290
12291
12292
12293
12294
12295
12296
12297
12299
12300
12301
12302
12303
12304
12305
12306
12308
12309
12310
12311
12312
12313
12314
12315
12316
12317
12318
12319
12320
12322
12438
12439
12440
12441
12442
12443
12444
12446
12447
12448
12449
12450
12452
12453
12454
12456
12457
12458
12459
12461
12462
12466
12467
12468
12469
12470
12471
12472
12473
12474
12475
12476
12477
12478
12479
12480
12481
12482
12483
12484
12485
12486
12487
12490
12491
12492
12493
12494
12495
12496
12497
12498
12499
12500
12503
12504
12505
12506
12507
12508
12509
12510
12511
12512
12514
12515
12516
12517
12520
12521
12522
12523
12524
12525
12526
12527
12528
12529
12532
12533
12539
12540
12541
12545
12546
12547
12549
12551
12552
12553
12555
12557
12558
12559
12560
12561
12563
12565
12567
12570
12571
12572
12574
12575
12577
12578
12579
12580
12586
12588
12589
12590
12593
12594
12595
12596
12597
12598
12599
12600
12601
12602
12603
12604
12605
12606
12607
12608
12609
12610
12611
12613
12614
12615
12616
12617
12618
12619
12620
12621
12624
12626
12627
12628
12629
12630
12631
12632
12633
12634
12635
12646
12647
12648
12650
12651
12653
12654
12655
12657
12659
12660
12661
12662
12663
12664
12666
12667
12668
12673
12674
12675
12676
12677
12678
12680
12681
12683
12686
12687
12688
12689
12690
12691
12692
12693
12694
12695
12696
12697
12698
12699
12700
12701
12702
12703
12705
12706
12708
12709
12711
12712
12713
12714
12715
12716
12717
12718
12719
12720
12721
12722
12723
12724
12725
12726
12729
12730
12731
12733
12734
12735
12736
12737
12738
12739
12740
12741
12742
12745
12746
12747
12748
12749
12750
12751
12752
12753
12754
12755
12756
12757
12758
12760
12761
12771
12772
12773
12774
12776
12777
12778
12779
12780
12781
12782
12783
12784
12785
12786
12787
12788
12789
12790
12791
12796
12798
12799
12800
12801
12802
12803
12804
12805
12807
12808
12809
12810
12811
12812
12813
12814
12815
12816
12817
12818
12819
12822
12823
12824
12825
12826
12827
12828
12829
12830
12831
12832
12833
12837
12838
12839
12840
12841
12842
12843
12845
12847
12849
12851
12852
12853
12854
12855
12856
12857
12858
12859
12860
12861
12862
12863
12864
12865
12867
12868
12869
12870
12871
12872
12873
12875
12879
12880
12881
12882
12885
12886
12887
12888
12889
12890
12891
12892
12893
12894
12895
12896
12897
12898
12899
12900
12901
12902
12903
12904
12905
12906
12907
12908
12909
12910
12911
12913
12914
12915
12916
12918
12919
12920
12921
12922
12923
12924
12925
12926
12927
12929
12930
12932
12933
12934
12939
12940
12941
12942
12943
12944
12945
12946
12948
12951
12952
12953
12954
12955
12958
12959
12960
12961
12962
12963
12966
12967
12968
12969
12970
12971
12972
12973
12974
12975
12976
12977
12978
12979
12980
12981
12982
12983
12984
12985
12986
12987
12988
12990
12991
12992
12993
12994
12995
12996
12997
12998
12999
13000
13001
13002
13003
13004
13005
13006
13007
13009
13012
13013
13014
13015
13016
13018
13020
13021
13022
13025
13026
13027
13028
13029
13031
13032
13034
13035
13036
13037
13038
13039
13040
13041
13042
13045
13046
13048
13050
13051
13052
13053
13054
13057
13058
13059
13060
13061
13062
13063
13064
13065
13067
13068
13070
13071
13073
13075
13077
13078
13079
13081
13082
13083
13085
13086
13087
13088
13091
13101
13102
13104
13105
13106
13107
13108
13109
13110
13112
13115
13116
13117
13118
13119
13120
13122
13123
13124
13125
13126
13127
13129
13131
13133
13134
13135
13137
13138
13139
13141
13142
13143
13146
13149
13150
13152
13153
13155
13156
13157
13158
13159
13160
13161
13163
13164
13165
13167
13168
13169
13172
13173
13177
13178
13180
13181
13183
13184
13185
13186
13187
13188
13189
13190
13191
13192
13199
13200
13201
13204
13205
13206
13207
13208
13210
13212
13213
13214
13215
13216
13218
13219
13220
13222
13223
13224
13225
13227
13230
13231
13232
13233
13234
13235
13236
13237
13238
13239
13240
13241
13242
13243
13244
13245
13246
13247
13248
13249
13251
13252
13253
13254
13256
13257
13258
13259
13260
13261
13262
13263
13264
13265
13266
13267
13268
13269
13270
13271
13272
13274
13275
13276
13278
13279
13280
13281
13282
13283
13284
13288
13289
13290
13291
13292
13293
13294
13295
13296
13297
13298
13299
13300
13301
13302
13303
13304
13305
13306
13307
13308
13309
13310
13311
13312
13314
13315
13316
13317
13319
13320
13321
13323
13324
13325
13326
13329
13332
13333
13334
13335
13336
13345
13346
13347
13348
13349
13350
13351
13354
13357
13358
13359
13361
13363
13364
13365
13366
13367
13368
13369
13370
13371
13372
13373
13375
13376
13379
13382
13424
13425
13426
13427
13429
13432
13434
13437
13443
13444
13445
13446
13447
13448
13449
13450
13451
13453
13454
13455
13456
13457
13459
13460
13465
13466
13468
13469
13470
13471
13472
13473
13475
13476
13477
13478
13479
13480
13481
13483
13484
13485
13487
13488
13489
13490
13491
13492
13493
13494
13495
13499
13506
13507
13508
13509
13510
13511
13512
13514
13515
13517
13518
13519
13520
13523
13524
13526
13527
13529
13530
13531
13532
13534
13536
13538
13539
13540
13541
13542
13543
13544
13545
13547
13548
13550
13551
13552
13553
13554
13556
13557
13558
13559
13560
13561
13563
13564
13565
13566
13567
13569
13570
13571
13572
13573
13574
13575
13576
13577
13578
13579
13583
13584
13586
13588
13589
13590
13591
13592
13593
13594
13595
13597
13598
13600
13602
13603
13605
13606
13607
13609
13610
13611
13613
13614
13615
13616
13617
13618
13620
13621
13622
13623
13624
13625
13627
13628
13629
13630
13631
13632
13633
13634
13635
13637
13638
13642
13643
13645
13646
13647
13648
13649
13654
13655
13656
13657
13658
13659
13661
13662
13664
13665
13666
13668
13669
13670
13672
13673
13674
13675
13676
13677
13678
13680
13681
13682
13683
13684
13685
13689
13690
13692
13699
13700
13701
13703
13704
13706
13707
13708
13709
13710
13711
13712
13714
13719
13720
13722
13723
13724
13725
13726
13727
13729
13734
13736
13737
13738
13739
13740
13744
13745
13746
13747
13748
13749
13751
13754
13755
13756
13758
13761
13763
13764
13766
13767
13768
13769
13770
13771
13777
13779
13780
13781
13783
13784
13785
13786
13788
13789
13791
13792
13793
13794
13797
13798
13799
13800
13801
13804
13805
13806
13808
13809
13810
13811
13812
13816
13817
13818
13819
13820
13821
13824
13831
13833
13834
13835
13836
13837
13839
13840
13841
13856
13857
13860
13867
13869
13870
13871
13872
13873
13874
13875
13876
13877
13878
13879
13880
13881
13882
13884
13885
13886
13887
13888
13891
13892
13894
13898
13900
13903
13905
13906
13907
13908
13909
13912
13914
13916
13917
13918
13919
13920
13921
13922
13923
13924
13926
13927
13932
13933
13934
13935
13937
13938
13941
13942
13943
13948
13949
13952
13953
13954
13955
13957
13958
13961
13962
13963
13964
13967
13968
13969
13970
13971
13972
13975
13976
13977
13980
13982
13983
13987
13992
13993
13995
13996
13999
14001
14003
14004
14006
14007
14008
14009
14011
14012
14020
14023
14024
14025
14027
14029
14032
14034
14035
14036
14037
14038
14041
14052
14060
14064
14067
14081
14082
14083
14085
14086
14087
14088
14089
14091
14093
14094
14095
14096
14097
14099
14103
14105
14191
14200
14201
14202
14203
14204
14205
14207
14210
14212
14213
14214
14216
14217
14218
14219
14220
14221
14223
14225
14226
14227
14228
14229
14233
14234
14237
14238
14240
14241
14242
14243
14246
14247
14248
14249
14250
14251
14252
14253
14254
14255
14256
14257
14258
14259
14260
14261
14262
14264
14265
14266
14267
14268
14269
14270
14271
14272
14273
14274
14275
14276
14277
14279
14281
14282
14286
14287
14288
14289
14290
14291
14293
14294
14295
14296
14297
14298
14299
14300
14301
14302
14303
14304
14305
14306
14307
14310
14316
14318
14321
14322
14323
14324
14331
14336
14339
14340
14344
14345
14350
14357
14358
14369
14370
14379
14381
14390
14391
14401
14404
14408
14409
14410
14411
14412
14413
14414
14415
14416
14418
14420
14422
14426
14429
14436
14437
14438
14439
14440
14441
14442
14443
14444
14445
14446
14447
14448
14449
14450
14452
14455
14456
14457
14459
14461
14471
14472
14474
14475
14478
14480
14481
14482
14483
14484
14485
14486
14492
14493
14494
14497
14498
14499
14500
14502
14503
14504
14505
14506
14507
14508
14509
14510
14511
14512
14513
14514
14515
14516
14517
14518
14519
14520
14521
14522
14523
14524
14525
14526
14527
14528
14529
14530
14531
14532
14533
14534
14535
14536
14537
14538
14539
14540
14541
14542
14543
14544
14545
14546
14547
14548
14549
14550
14551
14554
14555
14556
14558
14559
14560
14561
14562
14563
14564
14565
14566
14568
14569
14573
14574
14575
14576
14577
14578
14579
14580
14584
14586
14587
14590
14591
14592
14593
14597
14598
14599
14600
14601
14603
14604
14605
14606
14612
14614
14616
14617
14620
14621
14622
14625
14626
14628
14632
14633
14634
14635
14661
14662
14664
14665
14667
14668
14669
14670
14672
14673
14674
14675
14676
14677
14678
14679
14680
14681
14682
14684
14687
14688
14689
14690
14691
14692
14693
14694
14695
14696
14697
14698
14699
14700
14701
14702
14703
14704
14705
14706
14708
14709
14710
14711
14712
14715
14721
14722
14723
14724
14725
14728
14729
14730
14731
14732
14734
14735
14736
14737
14738
14739
14740
14742
14745
14746
14749
14750
14751
14752
14759
14760
14762
14763
14764
14765
14773
14775
14776
14777
14778
14779
14780
14781
14782
14784
14785
14786
14789
14790
14791
14792
14795
14796
14800
14802
14803
14807
14808
14809
14810
14811
14812
14813
14814
14815
14816
14817
14818
14819
14820
14821
14822
14823
14824
14825
14826
14827
14828
14829
14830
14831
14833
14837
14838
14839
14841
14842
14843
14844
14848
14849
14850
14851
14852
14853
14854
14855
14859
14860
14862
14863
14871
14872
14878
14880
14881
14882
14883
14885
14886
14888
14889
14890
14891
14892
14893
14894
14895
14896
14897
14899
14900
14901
14902
14904
14905
14906
14907
14909
14910
14911
14912
14913
14914
14915
14916
14918
14919
14920
14922
14923
14924
14925
14926
14927
14928
14929
14930
14931
14932
14933
14934
14935
14937
14938
14939
14942
14943
14944
14945
14946
14947
14948
14949
14950
14951
14952
14958
14961
14963
14964
14965
14966
14967
14968
14970
14974
14975
14977
14978
14979
14984
14985
14986
14987
14988
14989
14990
14991
14994
14996
14999
15002
15004
15005
15008
15009
15011
15015
15016
15017
15018
15019
15020
15021
15022
15023
15024
15025
15026
15030
15031
15032
15033
15035
15036
15037
15038
15039
15040
15042
15043
15045
15046
15047
15048
15049
15050
15051
15052
15053
15054
15055
15057
15058
15059
15060
15061
15067
15068
15069
15070
15071
15073
15075
15078
15080
15081
15083
15084
15086
15087
15088
15089
15090
15091
15095
15096
15097
15098
15099
15115
15116
15117
15119
15120
15121
15122
15123
15124
15125
15126
15127
15130
15131
15132
15134
15135
15136
15137
15139
15140
15141
15142
15143
15144
15145
15146
15147
15148
15153
15154
15155
15156
15158
15159
15161
15162
15164
15165
15166
15167
15168
15169
15170
15171
15172
15178
15179
15180
15181
15182
15183
15184
15185
15187
15188
15192
15193
15194
15195
15196
15197
15201
15202
15205
15207
15208
15212
15213
15215
15216
15218
15219
15220
15221
15222
15224
15225
15226
15227
15228
15229
15230
15231
15232
15233
15234
15235
15236
15240
15242
15243
15247
15250
15251
15252
15255
15256
15257
15260
15262
15264
15265
15266
15271
15272
15273
15274
15275
15276
15277
15279
15281
15282
15283
15289
15295
15298
15300
15302
15307
15310
15311
15314
15315
15316
15317
15318
15319
15320
15321
15322
15323
15324
15326
15327
15328
15330
15331
15332
15333
15335
15336
15337
15339
15342
15343
15345
15346
15347
15348
15350
15351
15355
15357
15360
15361
15362
15364
15366
15367
15370
15378
15382
15383
15386
15389
15390
15393
15394
15395
15401
15403
15409
15410
15415
15416
15417
15421
15423
15428
15434
15437
15438
15439
15440
15442
15443
15445
15449
15450
15452
15453
15454
15457
15458
15459
15460
15461
15462
15463
15466
15467
15470
15471
15472
15473
15474
15475
15476
15478
15479
15484
15485
15489
15490
15491
15492
15493
15494
15495
15498
15499
15500
15501
15503
15504
15505
15509
15512
15514
15515
15516
15517
15518
15524
15525
15526
15527
15529
15531
15533
15535
15537
15539
15540
15541
15542
15543
15544
15545
15546
15547
15548
15550
15552
15553
15554
15555
15556
15557
15558
15559
15560
15561
15562
15563
15564
15565
15566
15568
15569
15570
15574
15575
15576
15577
15579
15581
15582
15583
15586
15587
15588
15589
15591
15592
15594
15595
15596
15597
15598
15601
15602
15603
15604
15605
15606
15607
15608
15610
15613
15614
15617
15619
15620
15621
15623
15624
15625
15626
15627
15628
15629
15631
15632
15633
15634
15635
15637
15638
15639
15640
16015
16016
16024
16025
16026
16027
16028
16029
16030
16031
16032
16033
16034
16035
16036
16037
16038
16039
16040
16041
16043
16045
16046
16050
16052
16054
16056
16057
16060
16061
16065
16070
16071
16072
16073
16075
16076
16077
16078
16079
16080
16081
16083
16084
16085
16087
16088
16089
16091
16094
16095
16096
16097
16098
16099
16100
16101
16102
16103
16104
16105
16106
16107
16108
16109
16111
16114
16115
16116
16118
16119
16120
16121
16123
16124
16125
16126
16127
16128
16129
16130
16131
16132
16133
16135
16137
16138
16141
16142
16145
16147
16148
16149
16150
16151
16152
16153
16154
16155
16156
16157
16158
16159
16165
16166
16168
16174
16177
16178
16179
16180
16181
16182
16183
16197
16198
16201
16202
16203
16204
16205
16207
16208
16209
16210
16211
16212
16213
16216
16217
16219
16220
16224
16227
16228
16229
16236
16241
16244
16245
16246
16247
16248
16249
16250
16256
16257
16258
16259
16262
16263
16264
16265
16270
16272
16273
16275
16276
16278
16283
16284
16285
16286
16287
16288
16289
16290
16291
16293
16295
16298
16300
16304
16305
16307
16308
16310
16311
16312
16313
16314
16315
16316
16318
16319
16320
16321
16322
16323
16324
16325
16326
16327
16328
16330
16331
16334
16336
16337
16340
16341
16342
16343
16344
16346
16347
16349
16350
16351
16352
16353
16354
16355
16356
16357
16358
16359
16360
16361
16362
16363
16364
16365
16366
16369
16372
16373
16374
16375
16376
16378
16381
16382
16383
16384
16390
16391
16392
16393
16394
16395
16396
16397
16398
16400
16401
16402
16403
16404
16405
16406
16408
16409
16410
16411
16412
16413
16415
16418
16419
16420
16422
16423
16424
16425
16428
16429
16430
16431
16432
16437
16438
16439
16440
16441
16442
16443
16444
16445
16446
16447
16448
16449
16450
16451
16452
16453
16456
16458
16459
16460
16461
16462
16463
16464
16465
16466
16467
16468
16469
16470
16471
16474
16476
16477
16478
16479
16480
16481
16482
16483
16484
16485
16486
16487
16488
16490
16491
16493
16494
16495
16496
16501
16502
16503
16504
16505
16506
16507
16508
16509
16510
16512
16513
16514
16515
16516
16518
16519
16520
16521
16522
16524
16525
16527
16528
16529
16530
16531
16532
16533
16534
16536
16538
16540
16541
16542
16543
16546
16547
16550
16551
16552
16553
16557
16563
16565
16568
16571
16574
16575
16576
16577
16578
16579
16583
16584
16585
16586
16587
16589
16590
16591
16592
16593
16595
16597
16601
16602
16603
16604
16605
16606
16607
16610
16611
16617
16619
16624
16628
16629
16630
16631
16632
16634
16635
16636
16637
16638
16639
16642
16643
16644
16646
16647
16651
16652
16655
16657
16659
16660
16661
16662
16663
16664
16665
16666
16667
16668
16669
16670
16671
16672
16673
16674
16675
16676
16677
16679
16683
16684
16691
16692
16693
16694
16695
16696
16698
16699
16700
16701
16702
16705
16707
16708
16709
16710
16711
16712
16713
16714
16715
16716
16717
16718
16719
16720
16722
16723
16724
16725
16726
16727
16729
16730
16732
16734
16735
16736
16737
16738
16739
16740
16741
16742
16743
16744
16745
16748
16749
16750
16751
16752
16754
16755
16756
16758
16760
16763
16769
16775
16777
16778
16784
16791
16792
16794
16795
16799
16800
16801
16803
16805
16811
16819
16820
16825
16828
16832
16833
16835
16840
16841
16842
16843
16845
16846
16848
16849
16850
16851
16852
16853
16854
16856
16857
16858
16860
16861
16865
16866
16868
16869
16871
16872
16873
16874
16875
16876
16877
16878
16879
16881
16883
16884
16885
16886
16887
16890
16891
16892
16895
16896
16897
16900
16901
16902
16903
16904
16905
16907
16908
16909
16910
16911
16912
16913
16914
16915
16916
16917
16918
16920
16927
16928
16931
16932
16933
16939
16941
16942
16943
16944
16945
16948
16950
16951
16952
16956
16958
16959
16961
16962
16964
16965
16966
16967
16968
16969
16970
16971
16972
16979
16980
16982
16984
16985
16989
16990
16991
16993
16994
16995
16996
17000
17001
17002
17003
17004
17005
17006
17008
17009
17010
17011
17012
17013
17014
17015
17016
17017
17018
17019
17020
17021
17023
17024
17025
17026
17027
17028
17029
17030
17031
17032
17033
17034
17035
17036
17037
17038
17039
17041
17044
17045
17046
17047
17048
17049
17050
17051
17053
17056
17057
17058
17059
17060
17061
17062
17064
17067
17073
17074
17076
17077
17078
17079
17080
17081
17083
17084
17085
17086
17087
17090
17091
17092
17093
17094
17095
17096
17097
17098
17099
17101
17102
17104
17105
17116
17118
17120
17121
17122
17123
17125
17126
17127
17130
17131
17132
17133
17134
17135
17136
17137
17138
17140
17141
17142
17143
17144
17145
17146
17147
17148
17149
17151
17152
17153
17154
17155
17156
17157
17158
17160
17161
17162
17163
17164
17165
17166
17167
17168
17169
17170
17171
17172
17173
17174
17175
17177
17178
17179
17181
17184
17185
17187
17188
17191
17192
17193
17194
17195
17201
17202
17206
17208
17210
17211
17212
17213
17214
17220
17224
17225
17226
17227
17230
17235
17236
17238
17240
17245
17246
17247
17249
17251
17252
17255
17256
17257
17258
17260
17262
17264
17268
17269
17270
17271
17272
17273
17274
17275
17276
17278
17279
17280
17281
17288
17289
17290
17293
17297
17299
17300
17309
17310
17311
17312
17313
17314
17315
17316
17318
17319
17320
17321
17322
17323
17324
17325
17326
17327
17328
17329
17330
17331
17332
17333
17334
17335
17337
17338
17339
17340
17341
17342
17343
17344
17345
17346
17347
17348
17349
17350
17351
17352
17353
17354
17355
17356
17357
17358
17359
17360
17361
17362
17363
17364
17365
17366
17367
17368
17369
17370
17371
17372
17373
17374
17375
17376
17377
17378
17379
17380
17381
17382
17385
17389
17392
17394
17395
17396
17397
17398
17399
17400
17401
17403
17404
17405
17409
17410
17411
17413
17414
17415
17416
17417
17418
17419
17420
17421
17422
17423
17424
17428
17429
17430
17431
17432
17434
17435
17436
17439
17440
17441
17444
17445
17446
17447
17448
17449
17450
17451
17452
17453
17454
17455
17456
17457
17458
17459
17462
17465
17467
17468
17469
17470
17471
17472
17473
17475
17476
17479
17481
17482
17483
17484
17485
17486
17487
17488
17489
17490
17491
17492
17493
17555
17556
17557
17559
17561
17564
17565
17566
17567
17569
17571
17572
17573
17724
17725
17734
17735
17739
17740
17741
17742
17744
17745
17746
17748
17749
17771
17772
17773
17774
17775
17776
17778
17779
17780
17784
17785
17786
17787
17788
17789
17790
17791
17792
17794
17795
17796
17797
17798
17799
17800
17804
17805
17806
17809
17814
17818
17822
17823
17826
17827
17830
17831
17837
17838
17845
17846
17848
17850
17851
17852
17853
17854
17855
17856
17858
18493
18494
18495
18497
18498
18500
18501
18502
18503
18504
18506
18507
18508
18509
18510
18511
18512
18513
18514
18515
18516
18518
18519
18520
18521
18522
18523
18524
18527
18530
18531
18532
18533
18534
18536
18537
18540
18541
18544
18546
18550
18552
18554
18555
18557
18559
18560
18562
18565
18566
18567
18568
18570
18574
18575
18577
18581
18582
18583
18584
18586
18588
18589
18591
18593
18594
18595
18597
18598
18601
18604
18608
18609
18610
18611
18612
18613
18614
18622
18627
18628
18630
18631
18635
18636
18637
18638
18639
18642
18644
18648
18649
18651
18652
18653
18654
18655
18657
18658
18666
18668
18669
18670
18674
18675
18676
18677
18678
18681
18683
18685
18686
18687
18688
18690
18692
18693
18694
18695
18696
18699
18700
18701
18705
18706
18707
18708
18710
18711
18712
18713
18714
18715
18716
18717
18718
18719
18720
18721
18722
18723
18724
18725
18726
18727
18728
18729
18730
18735
18737
18738
18739
18740
18741
18743
18744
18745
18747
18748
18749
18750
18751
18752
18753
18754
18755
18756
18757
18758
18759
18760
18762
18763
18764
18767
18768
18769
18770
18772
18773
18774
18777
18778
18779
18781
18782
18783
18787
18790
18792
18794
18797
18798
18801
18802
18806
18807
18809
18810
18812
18813
18815
18816
18817
18818
18820
18821
18822
18824
18825
18826
18827
18829
18830
18833
18835
18836
18837
18838
18839
18849
18850
18851
18852
18853
18854
18857
18858
18859
18860
18861
18862
18865
18867
18871
18872
18873
18876
18878
18879
18884
18885
18887
18889
18893
18898
18899
18900
18901
18906
18908
18910
18914
18916
18917
18918
18919
18920
18921
18922
18923
18924
18925
18926
18927
18928
18929
18930
18931
18933
18935
18936
18937
18938
18940
18944
18945
18946
18947
18948
18951
18955
18956
18957
18958
18959
18960
18961
18962
18963
18964
18965
18966
18967
18969
18972
18973
18974
18975
18977
18978
18979
18981
18982
18983
18984
18985
18986
18987
18988
18989
18990
18991
18992
18993
18997
18998
19000
19005
19007
19008
19019
19020
19021
19022
19023
19026
19027
19035
19041
19042
19043
19048
19050
19052
19053
19056
19058
19059
19060
19061
19062
19064
19065
19068
19069
19071
19075
19078
19079
19080
19081
19082
19083
19084
19086
19087
19088
19089
19090
19091
19092
19093
19094
19095
19097
19098
19099
19100
19101
19102
19105
19106
19107
19108
19111
19112
19113
19114
19117
19118
19119
19120
19121
19122
19125
19126
19127
19128
19129
19130
19131
19132
19134
19136
19137
19139
19140
19142
19144
19145
19146
19147
19150
19151
19152
19154
19155
19157
19158
19160
19292
19293
19294
19298
19299
19300
19301
19303
19304
19305
19306
19307
19308
19309
19310
19311
19312
19313
19314
19315
19316
19317
19318
19319
19320
19321
19322
19323
19324
19325
19326
19327
19329
19331
19334
19335
19337
19338
19342
19343
19344
19350
19351
19353
19354
19355
19357
19358
19359
19360
19361
19362
19363
19370
19371
19372
19373
19374
19375
19376
19379
19386
19388
19390
19392
19393
19395
19396
19399
19401
19402
19408
19409
19411
19413
19416
19419
19426
19429
19431
19432
19438
19440
19442
19445
19448
19459
19463
19465
19467
19468
19469
19470
19471
19472
19474
19475
19476
19477
19478
19479
19481
19482
19484
19485
19486
19487
19488
19491
19492
19493
19494
19495
19496
19497
19498
19499
19501
19503
19504
19505
19506
19507
19508
19510
19511
19512
19513
19514
19515
19516
19517
19518
19519
19520
19523
19526
19527
19528
19530
19532
19533
19534
19535
19538
19539
19540
19541
19542
19543
19544
19545
19547
19548
19549
19550
19551
19555
19556
19561
19568
19569
19570
19571
19573
19574
19575
19576
19577
19578
19581
19582
19583
19584
19585
19586
19587
19588
19589
19590
19592
19593
19594
19595
19596
19597
19598
19599
19600
19603
19604
19605
19607
19608
19609
19610
19611
19613
19614
19615
19616
19617
19618
19619
19620
19625
19627
19628
19630
19633
19635
19636
19637
19646
19647
19648
19649
19652
19653
19654
19656
19657
19658
19659
19667
19668
19669
19672
19674
19675
19676
19677
19682
19683
19684
19689
19695
19696
19700
19702
19704
19706
19714
19715
19727
19734
19736
19739
19740
19743
19744
19746
19747
19748
19749
19751
19753
19757
19760
19762
19769
19770
19783
19786
19788
19789
19790
19793
19795
19796
19798
19803
19808
19809
19810
19811
19812
19813
19814
19817
19819
19821
19831
19832
19833
19834
19836
19839
19840
19841
19842
19846
19847
19848
19850
19860
19871
19873
19875
19881
19882
19885
19898
19899
19901
19902
19904
19906
19908
19909
19910
19918
19926
19930
19933
19935
19936
19937
19940
19947
19951
19956
19957
19958
19962
19972
19973
19976
19987
20007
20010
20011
20012
20013
20016
20019
20022
20023
20025
20029
20030
20037
20039
20046
20048
20049
20052
20056
20057
20058
20059
20062
20066
20068
20076
20079
20080
20081
20085
20087
20088
20090
20096
20099
20100
20115
20131
20135
20162
20186
20187
20192
20195
20198
20199
20203
20221
20225
20232
20233
20237
20240
20241
20242
20253
20257
20268
20270
20274
20294
20298
20303
20305
20328
20335
20355
20357
20362
20363
20364
20366
20367
20369
20372
20374
20375
20376
20377
20378
20380
20381
20383
20386
20390
20393
20394
20402
20407
20408
20409
20410
20411
20412
20415
20416
20417
