16848
1469
185
2702
3473
4203
4654
6968
18414
18319
10729
256
11732
4105
18950
5859
9163
18559
10893
10586
2140
11593
9754
16446
202
18926
9736
17612
3693
231
8825
341
6775
11055
13183
659
6629
9318
18640
17619
6238
14032
10724
13278
3351
8554
11590
4904
11151
6996
6241
32
18433
4179
2834
11488
3117
61
18638
4074
7195
14195
11076
19104
7451
14080
18868
8670
4517
1626
259
17592
9393
8923
8578
2490
17914
2229
18772
17521
1380
3237
16415
2089
5954
9824
18425
17789
18492
18700
1545
2590
3515
13420
4242
16715
18455
14392
14182
13036
7650
11453
2469
9871
10809
2170
16966
8219
7235
5519
2311
13075
4999
16945
4978
106
603
313
11345
17930
7913
12216
14705
10698
4826
16799
16152
5705
5770
7813
9565
5723
13170
3001
16610
4559
9171
18961
9280
1534
8742
18536
10558
8300
16986
13460
16354
17443
10488
2356
16911
11490
10443
13137
17762
9107
13888
16551
16424
752
12598
177
1223
18940
13406
9
17846
11485
4450
2863
7963
1904
10323
7150
663
3063
17025
15909
2989
110
4843
11350
3123
10846
4414
12097
13948
2579
10496
15153
7447
17501
13597
5360
10329
13021
18542
16925
19272
11329
16946
8937
14183
13509
4436
13961
14158
12042
9864
6722
6046
13439
10259
6118
13521
5428
5748
17030
3309
7597
1090
12651
10557
2427
6666
2215
19005
7173
12237
6007
7923
5008
5538
3046
7274
18075
3709
4006
11157
6538
5724
13952
17836
2945
12515
7397
2008
9810
2458
9882
1255
14198
8591
413
14343
11241
19175
16335
4220
6024
15772
1667
7515
15763
802
9400
1590
434
9053
7297
620
3334
16783
4226
14598
13076
7805
11223
12807
9370
5854
9703
10222
1986
6346
4921
13109
9593
16722
11179
18278
15722
11971
18359
6004
7287
11181
9517
9299
6094
17566
13615
12702
5878
2492
19137
12550
1173
10405
10767
2998
8846
12629
573
15953
8571
18351
12783
5090
13473
9037
3641
7981
4540
16766
18836
2889
8991
10612
18636
16889
10217
7406
4642
17750
16499
7664
14048
5566
12015
3231
7290
8778
19244
7947
6364
14935
16341
136
13367
18435
19320
1228
8210
9684
5500
12758
4987
8418
8197
9628
15706
5357
16524
17571
18125
12277
2646
759
12810
9295
10430
5897
5523
5862
8713
1007
2160
9455
1978
1134
13999
5875
4177
13427
19172
378
12751
2953
6947
393
2852
18706
17818
4353
16429
18498
5061
16663
16333
5304
6852
13394
5759
4332
19358
10345
13182
18531
18409
13919
8312
3844
8485
13117
11088
2662
11914
18432
6471
13306
18146
19357
7105
9330
7533
3822
12861
17216
3437
6155
18407
15142
4345
9681
1754
6279
11379
17840
19378
7967
2560
4996
11765
19083
13966
10031
12858
14512
12111
7592
929
16782
13822
12884
6581
12245
19219
18296
321
13883
15727
16704
18515
13761
12062
180
5613
4468
1778
4340
9697
3238
8978
18477
2384
11338
8992
9087
7891
14007
15859
8631
8619
19373
6518
8651
3311
9984
6807
5092
9735
4114
14553
5733
448
6286
2087
3314
9262
4194
18718
13157
6228
3481
8801
11141
353
10498
5336
11891
11113
12017
16627
12074
2683
3168
9998
9680
3780
4092
6593
2376
5522
5168
1324
11186
15774
17345
9941
3506
12620
9865
6438
9195
8599
13096
10333
17326
10526
2085
9131
3710
17124
13040
12946
16431
3784
12428
13463
3583
10639
6454
19335
1017
8280
12945
9158
6614
4258
9172
17923
454
9428
1018
14171
15059
2774
9126
6549
11158
3183
5765
8915
3273
6601
7213
18839
7604
3074
18976
8720
7130
8388
4880
5662
11242
18624
19382
10266
1818
5541
7292
6373
12512
6536
3412
17904
7472
1302
17283
10194
14274
8238
3685
5459
3062
17941
14177
8064
6835
10661
16570
6092
4229
2515
9705
10764
18957
10247
12095
18599
5665
10598
12950
7448
12243
235
15250
13083
407
3484
7015
8167
16566
11775
1981
5540
10053
5672
16625
16937
16582
12188
12174
3254
14314
3399
5676
1584
7658
9578
11418
3894
17865
13576
9791
3391
18323
15627
8808
7531
1246
12525
11773
18154
16654
8008
9620
8895
17952
6712
9878
17701
3374
14160
5013
11607
5445
239
16901
14038
13744
16743
5187
3036
8288
7989
8845
3725
4211
13437
12494
5553
18765
10694
17499
10267
8084
10221
3209
9067
8902
16473
2193
5376
13037
2916
14728
1031
16865
18610
7296
7771
5356
3359
2144
9777
5977
2246
10060
12811
14355
995
1664
877
2269
8164
9154
5603
17544
2968
2299
4014
5533
16639
14070
13717
9266
7313
12160
10838
17461
332
11391
12509
10690
18442
3055
9530
6018
1579
370
16767
8215
12691
18024
16823
1600
774
4023
8963
3812
7883
15074
9781
9322
374
14356
10670
4128
3723
5003
4687
2055
2693
17844
9850
14035
3603
7368
15757
3563
8157
7093
4722
6760
1016
8027
4312
19025
4174
7770
18691
7405
10960
2791
18161
5888
17194
12802
4366
13174
352
17734
998
11820
9961
11025
12603
1132
3614
7160
13517
188
12197
13969
5902
10611
7458
1550
7856
3514
16708
2263
18155
6001
3907
18454
12592
10710
12001
10083
14971
13397
19288
16493
11974
11631
11673
3100
16374
16903
4864
358
4579
324
10435
16278
14515
7575
11870
8179
277
14022
5920
1672
18661
1642
7084
3824
4492
4129
469
10272
5243
17899
18000
1582
6069
17041
16870
4817
8231
5818
9627
10953
4443
11385
18373
18042
9959
5734
9282
6627
109
16093
13346
14399
11574
8743
18114
13719
18066
13125
14995
13767
7996
10681
11450
4732
7475
13929
10384
7135
9410
6829
3059
1307
6552
16593
17775
14218
7121
1970
18998
3821
9778
10415
6467
3920
17012
16323
16866
1871
12809
13181
6750
5448
14414
6911
7474
11137
7219
4828
13255
1488
9340
15961
16449
734
13776
11460
8446
8774
5162
5236
18326
11814
7804
4052
3953
12732
18288
6472
6616
5066
1152
10351
10302
17200
10484
728
8390
7314
2301
1039
427
17469
11498
3945
1297
5629
16900
14964
17004
11972
7316
18979
2253
13510
17190
7527
40
17435
18972
6622
14349
18465
10839
2921
17308
7180
10274
13814
7361
14474
16456
7128
12171
10886
5128
19154
7510
9085
2372
5133
16756
11028
10248
19362
18615
1206
10621
11621
831
6057
2610
4689
14259
4556
7045
3574
13721
8106
1109
3629
14302
3382
9210
10689
9554
17207
4260
18573
2915
18152
6876
9582
9188
3180
9192
11431
1509
13984
18446
5250
11889
16349
12998
3704
5127
14510
675
9722
18988
13165
9827
6647
13212
12397
8666
10680
13111
6849
11774
1653
18137
424
7943
8066
679
9981
17533
779
1980
17275
11192
8250
12735
1175
4418
9479
13155
783
8519
19241
6122
8464
12625
18285
18022
19250
4555
4089
10073
17932
13913
8086
9463
4166
6410
7038
9453
12115
2829
7995
19391
5045
16357
4986
13062
5556
7901
12591
1763
12208
9483
13752
6281
9309
17490
7722
14097
2542
7944
12585
12773
18001
1420
4041
1178
14797
18247
6710
5684
10954
4761
18235
12089
18668
13164
5249
2685
17300
17266
17072
12553
19328
4803
3344
9139
10279
18787
8198
13991
12874
460
16732
931
12218
13671
4248
466
12654
2835
10402
12958
10564
11010
6810
364
6098
16321
12360
9482
17111
14685
178
10258
8692
3442
6880
827
4641
972
1832
12823
3390
6415
6199
11880
7483
982
12118
19227
9018
11522
19002
14003
17498
9955
6175
8832
16688
10999
17988
5578
3350
11740
1838
17500
17910
1419
16266
5444
10198
5332
12565
17018
16383
12755
1665
11970
9189
10100
17631
19262
3789
5685
10175
16382
13511
7834
8402
6688
4587
4750
11883
12886
10525
12733
7232
17114
3136
10587
2231
9663
14200
3424
13494
18118
6731
4447
14050
5471
9649
16921
16345
4315
11296
6686
19247
14292
6727
12519
11425
16427
4767
6385
1687
19086
4627
2537
8107
4054
7806
3028
5675
18755
8706
13340
3632
13173
17949
18513
8811
13186
19184
10049
5017
3798
5265
13993
10312
3943
19377
10382
19213
13476
1854
12539
2508
11929
17958
18231
1959
3076
3086
9000
19109
3044
14537
18519
9130
6401
17417
3678
12866
12978
8748
3188
273
19019
5637
12612
14599
4562
5833
10033
6567
3156
6793
10289
4529
9945
10820
13108
13778
18903
6560
17931
2035
18783
1199
10719
2321
3653
12990
14137
18130
11172
4102
5526
16891
7740
6204
10121
6388
3790
17948
9829
11428
196
9983
18851
16794
14090
12706
1556
11130
5
4338
7568
4590
11865
15531
12871
11863
803
10873
17820
9711
1863
13907
7091
4465
12170
3467
3343
39
2684
4813
1366
13956
4884
13611
10802
19339
225
6706
1530
10464
3069
16730
9932
9017
2911
1755
1645
13853
12803
15527
11149
1803
10970
9953
9462
11807
16187
17394
17019
4949
18412
286
11687
8438
7704
5647
4455
4575
14164
777
18338
2739
3435
9548
14822
9444
9137
7789
2148
16264
17372
10446
222
12469
18327
17208
10153
1378
19110
15389
3838
6010
3580
5914
10159
2475
13487
19263
567
11985
6781
2283
16350
4442
2003
7931
10094
17537
10125
3468
8222
10888
10845
16833
7986
8786
4507
9142
1554
2973
8356
6527
8089
6888
9066
7566
8901
9014
10942
14253
12506
17798
11184
6144
9868
7433
13005
12766
8682
2964
4547
7873
10717
5791
7102
13633
13906
11107
1990
13236
12009
11636
2281
14582
1101
30
14395
8652
18040
1713
6843
1934
11489
11545
10779
14526
18019
18258
5041
3216
12320
10903
3035
3889
17144
3635
13860
16468
17090
17155
18238
2934
2632
1761
14751
2521
5780
19314
7987
9032
11408
11206
14149
12472
530
5543
4665
6782
8568
11190
11851
4629
1945
8129
4005
9490
12754
17331
1168
16918
6073
3621
13429
7318
11003
5468
18846
4015
6347
7264
2115
17784
14391
2711
16507
12456
14384
7702
15251
2453
11114
7843
8659
5591
2928
5521
13927
208
10843
4057
16685
5585
2211
5908
3747
3508
8804
17228
8289
17881
184
14115
16339
14469
13548
11931
13631
5863
708
10995
13985
6445
5800
4360
1012
12240
5534
8721
9636
9443
44
17231
9064
9224
5635
11188
16947
18878
18993
6658
16147
2761
7688
6188
9547
1801
2175
12563
2181
8484
7922
1668
5961
17599
8641
11953
18692
2166
911
14284
3038
16664
2925
3582
11789
11078
16713
13627
11828
2478
10408
8236
17722
6263
1546
9267
843
18415
14041
9915
12175
9238
3960
18627
4515
2292
16746
17183
7793
14345
7651
6617
8384
3143
7050
14288
18122
16977
1352
15309
17238
17902
8005
5048
18147
6039
7110
14817
16656
5964
2942
16409
9212
3043
15664
5716
2489
7004
3067
2803
10601
19215
6150
17970
11802
4981
8881
1810
10543
6331
2843
14489
18149
7007
17716
6531
2428
5047
16512
2335
14940
11051
6247
5551
17034
12746
11563
14498
3719
11748
6550
18250
13784
12843
1732
14757
9242
3128
7040
12342
13715
1368
8753
13794
9951
12608
13734
16565
8764
3405
1794
5232
6670
7489
874
12049
9214
5751
9990
6833
18622
3078
4070
1236
3189
8486
4512
8586
16822
19147
10874
4856
17519
782
4460
4790
14124
14562
6757
12
17455
568
10143
10616
12562
8155
8311
824
17005
4230
2199
16623
5516
1370
13586
18025
2783
1711
9409
1442
13124
15388
10720
7970
3917
7936
9297
11584
17856
17981
132
6294
9535
12883
1260
18854
1919
3406
2985
4066
12217
70
2667
3648
15682
14053
12912
19041
4647
9625
16122
11300
5670
11435
16546
14912
6753
5490
13953
3538
19269
9506
18583
3691
11143
19165
7659
2103
2396
14239
5817
1198
14330
17063
6484
19181
7029
8731
16983
6592
11360
9273
17883
10133
1828
18963
10997
16734
12683
4228
9243
12212
10505
6042
304
10955
18778
12414
17837
8730
2251
16420
5219
18463
2234
15091
8984
2210
2755
4003
9832
18311
7959
13287
13065
5984
12226
6050
14168
6808
13713
8857
4901
6369
18206
8432
11266
9930
4454
5620
13222
6074
3203
18272
3984
7738
12203
4150
6084
11910
11185
79
18623
16584
6685
12844
7818
18711
1489
16371
3045
14085
6832
4630
220
13799
15755
3663
7363
2042
13645
1102
12151
14573
3482
1569
538
813
6961
8622
11093
9516
6283
12478
12649
3199
5358
294
8638
12935
16771
2752
10552
8399
7497
6164
443
12140
12083
11397
19303
248
13283
4967
253
14214
14103
3126
9946
11797
3857
13858
6185
4969
15270
6266
17813
13203
14005
6784
13857
9624
17912
10920
10091
656
3019
11426
3472
17268
17029
18557
17368
693
13856
12084
9308
3089
17161
6034
16740
17568
7360
17351
11176
7162
12532
2022
8520
17146
8444
8249
2705
19289
8929
592
8016
8712
13962
6515
1787
16365
25
4100
11218
11597
12323
16037
10296
5601
8061
13617
13298
5432
8707
6203
5215
755
19313
4316
1777
7850
14346
1430
3504
11655
4328
9886
298
14056
11837
2826
7794
17284
875
8887
17690
18405
1387
14020
19127
12646
1797
11198
11443
5913
4080
11809
1916
7517
8159
9080
2138
4961
12358
1439
11073
12826
5311
527
13179
3386
8357
4167
6879
3161
2327
6539
9947
3433
13937
10673
5646
3765
11734
16413
2308
10358
5704
10458
17513
10784
11531
3201
12355
5098
16327
12232
10588
15715
17191
10831
9843
3346
7821
13698
164
5228
16375
16863
7857
11414
3131
210
19157
478
11201
349
6528
575
11393
15948
17809
9143
7504
8397
4749
3891
15733
9811
7481
15318
10460
2168
13795
8321
9889
15958
1268
4897
11606
6826
2240
16535
16677
7522
6952
18885
13140
4361
10003
10536
18074
15858
10593
2187
15964
14237
12794
13504
4674
5798
8603
17509
17035
854
8985
7035
13893
8395
8302
8133
9567
7010
7784
17212
2715
147
4860
2012
1277
13802
3965
9922
9124
13105
5277
4483
18460
17808
17280
984
8255
5032
9144
10826
1811
8362
11290
19285
16545
6318
8128
11998
722
17107
10528
11463
10379
6687
3940
2974
2464
2955
1512
16854
5823
15435
17558
18771
5382
12338
5266
6159
13273
2452
14231
9885
11749
5525
2855
18667
7964
13309
13486
12235
326
18875
10897
90
18874
14092
8093
13382
13706
8882
2178
16574
6987
14342
10628
1576
8379
5827
13478
2238
10252
5060
1991
11090
13704
10445
11682
9301
16643
4692
18236
7587
16747
18398
8943
8800
14942
16550
1671
4985
13369
1647
320
7762
12587
2602
10966
18105
17911
249
9651
16985
2965
3913
1808
9204
18568
5717
67
11790
4026
7069
1339
3967
8342
9877
11947
10313
388
14444
4829
1616
15241
7403
4188
2751
4327
6752
6766
12433
1037
18968
4899
13830
10798
172
5021
3654
8139
6376
3724
10497
11586
8669
4554
13974
7181
3498
11711
13663
16924
3644
5777
1922
17901
3432
18314
7340
4335
7170
15210
4679
11733
13171
13129
8783
11505
13749
12666
13248
14348
12774
17522
18838
18299
17781
7889
15675
3308
16862
2271
3739
5399
18286
878
4267
18456
19142
3661
4207
8898
11016
5879
2550
18009
7598
8945
10086
17151
6844
1406
14258
2232
16852
4297
18759
552
7941
5997
18171
18949
7435
13451
7502
18192
3135
9313
2870
472
1283
1416
6969
4510
19059
13260
6198
9967
19354
1568
7220
1426
1006
8930
14247
2810
11023
18184
4638
11727
13989
1045
8427
17517
3047
4490
3544
19225
950
4876
16617
12387
5477
6302
5825
18986
602
8821
7422
3499
14127
11077
13213
14268
12796
9432
3269
11277
10473
4805
17118
11250
5764
4809
7830
3413
17668
18067
17224
13355
5594
15311
12991
14910
12014
17317
13072
16989
16669
15623
9543
18103
10504
17319
9491
1069
13588
4387
9183
7506
9360
3908
8325
2027
17060
6717
13380
7252
5241
15553
7735
7706
3993
1329
12146
7376
1917
2016
2714
16670
18191
2225
917
12643
10177
7748
855
10300
13777
17126
2004
14909
18233
10145
4221
12443
1474
9958
4161
9486
1124
10224
8920
9146
8880
8119
12363
6179
5955
13032
16090
8819
16950
7371
2549
5111
5388
17659
550
17681
18821
4984
453
15534
5846
12332
9590
17620
1765
11602
9631
2176
15255
15607
2230
9173
11123
18410
13889
18306
16314
1634
5361
12960
18448
8696
17795
17173
7512
11614
1631
9447
7156
9647
6948
3103
9022
793
17525
15175
14159
17381
8756
3781
8957
6763
2727
2347
14067
13542
11154
17067
17643
105
6420
8505
2070
18196
9165
7494
17426
19245
17466
16585
1174
4778
14884
11596
13086
961
3431
1733
2663
9232
16272
17562
18923
13235
1684
11825
8381
18609
11702
17976
18553
16265
9073
3335
9049
13789
9787
4187
4365
16605
12846
17905
4606
10812
5910
4072
18753
11544
19053
5938
18127
17853
13066
50
7307
13322
8184
9044
1258
7146
9431
13533
11508
3407
9802
7860
13472
19290
8241
3932
9223
14458
11340
8281
13514
7499
1187
3175
8515
1147
11027
9792
15524
16727
11387
1141
3823
16536
10050
7605
6718
1254
6201
13831
12421
2626
18814
1558
5814
18038
16453
12522
7684
5655
14188
16999
7324
8163
7917
9129
5189
7452
13177
5338
10139
17049
18549
1244
13516
18569
17850
7034
10576
12125
10840
3735
6508
7008
710
12429
4043
10546
18768
18757
7396
6367
12131
12936
6342
2873
11720
234
18651
10403
15540
2398
4989
5460
18408
13829
2786
13545
10894
2932
3668
2083
11541
19079
7233
14519
1506
18754
6109
17857
14306
7250
11945
96
1431
4302
14320
8768
3010
2718
5339
3240
4795
6837
8168
7415
18891
2192
1044
12611
15459
2250
11623
18581
10518
13029
11716
18047
7827
15947
2444
12336
13890
8153
4626
7809
7942
13656
2806
2562
5906
544
18634
19140
14077
548
17153
11894
7862
2065
4233
10246
541
17667
3592
11657
8897
4475
1677
17576
8331
17138
5915
11763
12379
13007
19299
13712
6359
2581
10568
3181
4059
8459
809
1655
3526
7186
14328
14300
4853
7036
6207
3323
13049
17373
14477
17769
1596
17511
5509
13371
12112
11760
6139
1824
18664
3310
16475
19292
6072
17328
17924
14447
12676
9337
5535
5991
8826
17446
19239
6630
4930
6500
7779
1470
11145
6065
13019
6676
2185
17175
13849
14340
157
6119
4184
3222
13638
8660
17330
745
17312
19029
15696
7614
14483
13456
3577
17849
3692
1798
12451
3666
2197
8883
904
8398
7149
9529
7111
12392
15971
392
4190
2555
1086
7041
19160
14341
10391
9635
2996
10048
6145
336
9713
4395
14170
9465
15996
16683
7852
10783
10390
12970
12294
8376
14533
4117
17707
5151
16398
8526
4083
5959
5192
4154
9891
8559
4908
14066
6218
8524
6938
12944
17038
18676
7243
4932
13817
18580
7910
19222
17671
1190
18495
12048
9533
13850
17073
10818
13958
8212
524
11334
5570
3631
6953
17495
9943
10006
8541
11222
9200
14325
18518
5571
6966
17983
1487
63
3428
12057
4940
9996
13023
8729
11861
2676
3246
15234
8050
9500
7282
14221
954
11441
5175
12238
7787
6860
3595
11336
10416
1562
8352
4972
7459
2183
11754
2606
1294
16649
16490
614
2648
18421
17125
1058
18576
9399
1485
14166
19205
8007
12743
16381
16170
14194
13343
8488
12583
12790
14835
639
3312
13450
18268
7752
15789
9799
10156
943
8581
18932
10204
13797
12191
7811
6433
6173
4339
5544
18707
1013
13457
12692
5157
10362
8542
3872
7157
4526
9545
10365
16827
19305
11423
17472
9305
2943
18959
3887
13549
18006
5422
13441
1334
2805
9468
13067
10925
8829
1553
8739
10763
3534
10740
17561
5411
13374
1114
13356
16638
12031
12327
9918
16538
4659
18657
21
5981
8354
9336
11761
16439
4532
12772
18239
15521
14321
19294
4724
3247
12369
12836
13178
6674
3698
15523
16671
1770
4504
13918
1068
3843
12663
14075
5627
9507
8974
5992
16729
7615
12943
3274
7855
17847
10746
13578
14303
17601
6663
7591
10316
3447
66
3266
4291
16872
6701
10551
4371
11120
4988
16855
3771
9927
17609
17676
5086
14197
271
10875
2525
11155
3520
2931
9654
1197
3456
8296
19063
10988
12564
17311
18554
8927
11800
18493
12181
1703
14199
16716
10454
17984
12154
12233
14316
4342
19366
13050
5414
3215
5574
18893
15613
8848
18987
582
5164
11183
16655
16796
3611
11199
9874
5124
9060
4304
12616
6102
3361
13891
2877
5808
11719
9121
8933
13575
11080
15848
3336
10065
17877
3234
1758
10516
5741
5031
8812
11240
4868
1414
16644
11964
7339
12211
650
9828
17508
10509
1686
16957
18716
18187
4030
5905
11353
8256
11710
12918
1781
14375
3605
8421
14578
4576
18180
11558
13469
6253
12878
9338
13197
591
8285
2063
6464
9591
5245
9987
5283
1215
8859
7633
9358
9610
3815
297
2971
4544
647
6742
17081
12762
8790
574
19016
11908
11967
11610
9342
8946
10769
6158
649
4729
5466
879
10910
345
5793
4592
5270
15239
9904
11840
1383
8629
7022
534
655
11961
14096
16958
8435
16941
9347
6662
18046
6955
8451
8780
18014
2995
13290
10474
11136
11160
13992
686
16931
18800
13646
1936
2721
14988
10851
12704
8358
15225
8791
14286
665
11579
7417
9825
4383
17071
15699
10534
1958
12989
12582
9978
245
1155
9746
17683
15926
342
9013
18626
19302
12548
6391
10182
3446
8889
4570
9592
12455
5200
15689
17572
13001
13126
13035
17705
2322
16368
2851
3109
16741
7907
3792
5813
10789
18384
13677
1963
18649
181
5210
18251
959
3905
13559
14895
12510
9556
2726
3383
13496
8495
3557
16636
835
12303
91
1820
12700
9914
14507
11071
5892
4879
1893
8420
7837
12435
6200
6441
12984
4869
15871
18123
8146
18026
12069
5686
3016
16624
12781
3050
3736
3827
12278
7491
5567
10239
19171
18669
5898
10821
17104
14245
9361
17278
10824
3338
12868
3867
10042
7948
6653
18212
2557
12104
4406
1960
5005
4323
7781
10844
14332
10077
8245
3162
564
4816
17516
12975
5634
4848
4153
2849
1457
5123
4505
13054
11330
16938
16811
11598
10702
737
2582
18879
15545
7487
14502
9286
1648
14364
17187
2414
13077
11017
13594
6877
390
4613
2639
14074
14088
7117
13665
17265
11301
16877
5431
5011
13862
1159
4797
8113
14450
5529
8166
9118
18265
14663
9470
11569
16400
10360
10762
6595
8380
10136
10476
6013
18954
12717
2002
6059
16687
12891
16828
9239
3776
18342
11714
8233
17539
7616
3674
14541
207
18586
6189
11649
9216
12917
12597
7815
9841
8694
11445
13885
1332
844
8041
6932
893
3659
12508
17936
9415
18933
18853
5446
2013
4962
9519
18284
2789
16842
2172
12964
19380
18070
15473
18537
18901
483
10062
4152
2034
4165
12106
819
13503
2124
13044
1652
18182
18256
2078
12699
12337
18223
1137
9595
16364
238
2544
17086
19342
9551
1868
11795
13870
1160
12799
6181
14045
9936
1878
19018
12527
15247
13495
5842
692
18210
7187
4929
10014
8899
11991
13313
1953
15276
4333
9617
12280
8450
7985
13839
3979
604
18462
8122
10725
6944
3000
6338
1681
9607
18685
8172
11577
6306
8277
17953
1061
4696
18082
9112
14501
7221
17503
15793
15874
8555
1081
16441
1425
3475
2021
19196
14099
6994
6453
18796
8322
6298
1305
7382
16735
13758
18952
4421
8176
8711
11981
4325
17404
5461
6831
7471
6959
6655
4913
1077
17838
1894
10895
8799
18289
8221
16388
2114
15736
2050
7241
12673
7236
5293
3718
12407
562
525
6783
13625
5730
8449
13981
11919
11068
2762
17077
11204
1690
3258
17065
8983
2350
18917
13655
17342
10314
10807
12966
9420
3835
17424
13467
13672
17569
10672
7018
5256
4912
18255
18990
1623
4668
16762
380
4922
11101
5967
10813
3081
14021
19020
1172
12815
12739
19233
9603
3636
9897
18308
10072
10128
8022
5070
5816
14280
4149
4495
13220
12420
18928
14263
16808
14448
112
1128
11978
13804
10803
13216
16234
3387
10735
2788
1237
736
17296
10939
9822
8785
3064
2529
12121
6928
4280
4462
5987
9522
3313
2845
6498
2760
8737
850
4838
13995
15873
3461
263
16486
12729
12910
5776
1507
10453
19306
15468
12535
5012
10933
14216
2033
17321
8793
1954
17444
9116
6053
10280
13291
5120
4088
4459
4736
8324
13560
8909
6234
10061
12470
14394
13971
12521
10290
18309
18543
11576
12021
4914
2133
4487
9150
3326
9725
11119
11275
3904
9739
5973
13708
6501
5554
3144
10063
4738
7112
16615
4206
5893
1921
4933
12432
1008
18088
18907
18157
6936
7513
19352
6357
18983
10969
15732
4347
16978
1259
8448
10946
2244
1130
1484
14398
8767
17741
6881
8582
7365
3270
14296
11501
11832
18297
12466
5254
10303
12130
4719
1331
7763
8665
14426
8067
10185
4697
10154
17050
17481
14941
5324
1060
958
12865
16868
18036
847
6223
13335
2387
13027
12723
11362
117
12674
16993
11289
11239
17237
7646
5396
1965
3552
3037
4403
12051
5766
13499
11717
15547
11827
17871
2592
8874
5106
2831
5286
418
1164
14019
16749
12417
13250
18861
1680
6628
3018
11472
19080
5069
19164
8572
10490
8535
10921
1998
2429
18458
3868
3210
5512
10413
13471
12725
8693
19200
8794
10404
3802
7179
1775
17214
7271
4068
1280
940
4690
4109
7427
2787
19114
17980
14175
4090
15298
16681
9093
16580
17322
6845
13982
16562
13551
7653
464
15285
10244
7612
2462
19051
13138
6571
12324
7570
6043
4667
6492
3127
1767
18224
17713
7444
4051
11455
3224
4810
401
10299
11302
18779
18143
12659
1779
2480
14226
8034
9762
18830
9249
3602
6942
5511
12574
9805
18780
13743
371
14162
16859
11061
8851
612
13403
9076
16775
10651
14559
10919
10332
11997
15658
713
3289
11872
12463
1891
18632
11004
18840
12899
576
17074
946
7721
16679
18850
5956
3901
5583
12179
17007
14207
8077
3831
17512
13048
16564
11297
2056
7785
4538
9094
6214
2358
7460
17992
17429
17616
17352
19323
2153
563
17939
861
12187
10775
9325
18792
7982
5932
15685
5805
971
12579
270
16367
12375
3297
3926
520
1316
670
762
4931
409
12687
5957
4396
8661
14631
15231
10636
3829
5480
3865
10120
9999
7505
10865
804
2949
1382
7109
1505
6639
8226
10176
19120
628
5165
18773
7257
18529
17563
1472
7013
15177
12457
7354
4249
10652
3241
398
9569
18294
11048
13840
13114
9035
8533
5867
2494
7507
11411
15831
5531
13323
8934
10471
956
8904
100
8375
3684
825
4636
17167
12648
5702
14552
4317
14534
10605
10827
4924
6192
724
14293
10467
13432
11924
15163
232
3657
8577
6160
12680
13722
12329
18399
4281
3858
11532
16477
18139
3983
14059
9460
18857
18428
9229
3689
16461
11721
17236
1151
5622
7532
16838
17652
749
746
18824
2734
9211
18073
7603
8069
1266
6424
3650
18243
12749
5899
123
8317
2697
16028
2926
7468
18427
7085
6703
6638
2552
2135
1083
4728
8700
5564
3788
18743
445
1619
13605
7767
2389
15422
2101
18805
13141
11847
8574
5042
16479
16665
13159
789
18922
4671
9450
3715
9123
1621
11448
18574
14547
3991
8020
1825
3469
7333
17991
11263
7791
1441
15731
3769
3120
7398
17530
5374
12499
10237
18469
18725
16370
11457
657
1056
11514
11815
18919
18603
2268
8145
653
2009
2435
1786
16923
12930
14271
8467
12713
3082
1245
10816
12353
2605
8461
13069
2933
14251
14505
5188
923
3667
11730
5365
14440
2737
913
19209
9042
10227
6684
9960
8784
19092
3118
192
5942
12923
13419
19246
17255
6537
18215
8191
2415
13443
16240
1853
2981
18141
18183
4111
932
17817
12853
14548
6337
10102
5436
8562
3198
8141
4682
17582
408
17379
10493
1125
16988
11726
3129
8789
18377
2657
4776
1468
11718
7537
9626
8026
2886
7421
16391
5372
10765
14574
17982
5836
13229
86
6270
17900
15283
2951
16583
7736
14443
15855
16981
9260
9181
18172
16979
14452
10436
2417
1311
11528
5699
6356
9002
6141
8609
5604
1460
2750
3612
18648
5829
18003
7107
17502
14576
11526
10868
6060
1594
6282
5597
14229
2445
8348
18312
26
13864
4133
9675
11026
4706
13119
10744
10641
1025
3706
9600
7210
5218
8171
13491
2245
7564
7627
5671
15735
4953
1685
1367
9304
6309
6737
7197
10157
17538
5763
8392
5458
14354
17772
18334
4549
14193
12166
19253
9756
3814
2832
10285
18389
17285
17686
7716
16858
12250
18041
9659
15895
19326
19273
12229
10378
10284
10562
15571
19237
1401
7880
9382
889
5163
15851
9368
7356
4257
10847
17075
6259
6918
11478
3410
1620
322
13987
7545
9726
14423
636
4236
16720
13012
10794
9391
945
7198
1289
12656
9813
9965
13410
19251
581
10041
3660
1939
12671
4420
2618
9639
17318
14311
14206
12199
18714
2577
17048
7853
7890
829
16452
1560
17559
9091
13342
2410
2859
6920
11778
5922
158
19212
13936
8439
8278
4210
3507
18363
1908
7589
18110
2616
36
1654
12446
9275
17061
3954
6990
546
970
5176
6284
10773
3626
15469
18337
8893
5904
9024
17356
11337
9162
3219
1492
17403
7559
10035
10814
6455
6478
5214
11312
16929
1310
10406
16140
19108
12695
6345
3606
7695
560
4994
14181
18766
4256
1795
52
1252
4336
1284
3147
9553
2756
264
7275
11409
19344
6408
1650
5136
3385
4337
4891
13101
8225
7660
10021
1892
8351
17743
9426
6823
11935
10201
18806
143
11708
11217
2948
5006
4830
4103
16902
2212
1639
2188
1738
5435
1098
11006
7477
7063
1544
19138
9977
11189
9666
6995
12120
3111
8530
5154
2621
2563
18929
987
17854
814
18935
13947
12046
17999
1402
17794
4841
3687
2709
13700
5545
13098
5868
4309
13916
2084
6490
17083
12599
16470
14064
12361
1606
11299
4159
10577
9502
12879
10560
15847
2293
7231
74
16578
12373
6048
5824
7652
10944
13669
15525
17396
6745
17411
139
14220
12028
12319
7338
10885
5792
10913
11096
7549
7416
3075
4079
10830
13341
6489
9876
7558
18058
2546
7546
7962
3976
1429
5558
8752
6177
11962
10793
6312
3411
7521
2664
6795
17162
10082
8096
1282
10823
17700
3257
10780
1636
12787
10849
18434
1229
1250
13736
11736
19268
19318
13728
16904
6003
13901
6086
12341
18832
14545
4488
10530
3113
6716
1595
17223
4350
1896
4034
11456
6523
127
17220
10370
8051
8306
3146
11643
4298
13195
7037
1304
12394
5788
1346
6058
3202
18597
1493
3462
1630
6143
11255
4017
1526
19197
9265
1216
2652
1032
13244
648
19038
5606
9046
14228
8602
10506
14401
8691
5688
4676
14281
3021
10580
7681
6736
11656
10070
8401
13272
9057
8751
18240
18429
662
476
10592
9973
14140
17147
4928
14615
8273
6797
13996
14465
12497
7870
8263
5644
18186
6195
18485
10808
14113
11742
5142
2792
3540
12904
7606
18400
1071
4397
1119
11907
1995
1819
10079
18388
13412
10219
5337
1956
2759
13682
6646
18481
6804
5383
15533
11738
13106
10927
13071
871
7666
7596
9555
17994
5413
15462
457
10973
7548
13282
1897
3665
84
2890
17791
7844
846
18445
11753
415
10872
12314
2430
4202
10286
17928
14326
3856
545
137
5974
8970
11791
13842
9235
4271
17797
6744
1822
9020
1403
14436
12033
6602
14446
9682
1104
12077
15750
7657
16711
7238
17597
9007
6767
13091
14528
7225
2534
17036
1580
9858
3282
3464
13695
8947
4446
6709
7573
12710
1459
8976
12672
114
1574
6267
9862
18367
4125
14246
9759
16951
3025
9122
2796
1395
11896
9794
3826
11129
15216
6698
3900
3714
3537
6621
16458
6113
12689
6934
18847
12384
6792
2233
16399
2957
13585
4581
10626
17273
12949
5929
5121
4067
18484
5803
17782
9100
7161
1240
6830
7402
16841
3866
18876
16919
14406
9826
13745
3020
19143
7623
10575
19257
15215
12577
18775
6409
9689
11477
18801
215
18545
10952
13223
7304
9685
7280
4299
5643
11454
9618
16676
6153
16815
14082
5398
10597
13045
18547
4246
11830
1404
5310
19329
3486
8217
5694
8911
3680
12322
3928
1349
3477
18639
12842
2223
2866
10796
12192
2938
2264
12399
12995
13530
13581
6220
17624
10828
4048
2743
13641
3708
8199
11940
8458
498
2015
14451
19394
1739
19169
1923
19107
2630
8548
10044
2741
3125
2169
8950
12036
18241
18443
4457
4061
9714
8833
3287
3545
18261
9331
2345
6927
2830
18635
14129
4189
5076
14230
677
156
8528
11857
579
323
2205
12279
18072
18606
6407
13082
125
4001
14908
8088
18064
551
19310
11139
13378
3774
6268
6855
12782
7189
12019
17068
17441
9298
216
4025
494
17463
10579
1336
17357
5498
19124
4594
10010
2800
2441
6332
11768
12134
5035
16527
10664
4374
3743
832
9537
16777
1816
1373
6566
2746
3533
200
7266
19012
4379
8121
2382
14178
4976
18054
2227
8667
7126
13128
12980
10263
17093
767
8318
6125
5019
9071
17927
18906
1837
15470
11125
7070
9718
13068
6707
2784
7337
17766
9629
16826
4158
15342
4925
9466
3122
10607
18899
18374
9065
19010
13436
5469
1301
15957
205
5584
3141
14400
3732
8601
2072
10018
13742
2992
11231
14008
9966
646
17975
13670
13596
9577
15014
5149
1463
8613
12919
9884
10347
8209
13264
11500
6230
11313
15528
9616
7359
5945
12959
7766
10409
18002
8512
8265
7799
314
3588
673
4584
4640
16608
13492
9206
4648
10030
7067
9678
19293
6906
19081
14393
10752
14415
16471
10835
14338
17862
5707
4934
13523
9808
9293
14087
17341
17573
7885
17043
3090
10011
5972
14141
489
16407
6689
2071
14359
13675
9472
10836
11213
7104
4162
6871
17546
10979
1723
17876
955
14373
14360
4619
11214
3427
6025
7928
2612
18136
10330
3190
12738
609
763
17369
2768
3395
4863
19370
11306
2505
3325
1766
2044
16673
4285
1849
2568
1458
1177
18701
247
276
13763
4096
19343
5768
6432
17032
1057
1444
3598
5505
65
18148
15067
16888
174
10095
9724
7473
17596
13731
16063
18862
13757
126
16791
17711
6115
2040
18937
14555
8517
8529
121
9291
386
15708
2706
6414
8673
10649
17942
12626
691
17423
17476
8973
16504
8715
5744
9030
13146
3909
11852
13707
17264
7229
13317
15912
10544
5971
18774
9854
18464
3321
996
5327
12349
201
13303
5484
15272
17786
18588
4112
16754
18895
18055
801
12763
6573
8170
7778
2017
8177
14544
17250
5095
13016
2867
5284
11694
12531
13619
14604
11039
2990
7847
6070
9774
7254
15846
9155
49
4263
13875
8366
15781
13738
1643
11543
11664
14191
12668
10190
6348
7424
16336
12262
12638
11375
18704
16057
8262
13122
3525
1496
7051
16976
9488
3248
4266
13488
2348
9784
14405
8977
8276
15323
18164
8916
4209
6350
16462
12640
2776
11121
11257
13388
2259
10433
16245
2472
19315
1003
12343
11834
16571
947
12856
18418
11310
856
11236
7425
2041
1548
6358
11064
8955
4786
14057
18340
12274
1789
12505
4050
9012
3703
481
3033
9138
12388
8346
2712
6495
12383
9916
1379
12087
3720
7638
2742
9857
2265
152
771
4872
8232
1702
5115
5661
2495
13056
8868
16418
9311
2325
16491
13975
2564
8308
8725
3810
6681
11470
10806
2620
7207
34
5491
17323
7645
12511
18564
11341
7056
8608
6382
16894
9846
8205
10418
15974
8345
9527
10377
7918
17110
18837
6631
12837
17574
9606
4320
9328
8335
14304
16492
1812
8906
14233
360
13709
13240
8138
5811
13249
9148
18584
12997
12613
5722
4780
7933
2409
3337
18826
3939
11625
18452
10080
1127
1762
7311
997
514
9478
14235
13683
7350
11492
17143
688
8363
3178
6249
4807
12007
18621
11546
10772
410
14358
6758
4739
4726
770
9518
11128
12198
8372
4032
391
5343
4478
12992
4882
16694
13832
654
14569
796
6643
9246
17672
8723
4136
17098
282
18039
2713
11671
6008
6733
1308
1446
18845
7404
2666
12351
18037
8716
6394
6474
18682
2899
7385
12488
15956
9359
1158
5611
4148
1049
2707
18402
8181
4293
9047
936
4730
6851
14453
12728
1050
6714
16143
16601
8099
12898
17122
14204
10270
2824
17985
4494
38
1034
12566
213
15972
14324
17225
2355
3878
17494
5379
11941
3805
3639
17420
10632
12356
18966
8037
16686
17432
9271
19152
6513
14539
1053
14684
4144
12925
6751
5110
5549
10058
15579
1027
6076
3029
7224
18825
2901
7194
14504
18034
2313
9133
5950
1973
5631
7625
9045
19249
17456
10196
17276
1064
671
8653
10318
18138
12043
11220
361
17662
7167
7553
5756
6675
4155
10653
10915
3176
902
6923
6425
13025
18012
4101
5946
6272
13090
14546
1774
6970
17555
2336
4675
5790
4127
6191
17997
4331
561
57
2910
1374
5363
3779
8186
10932
5746
6803
8248
8326
8144
12066
11767
5796
16443
13896
9765
5515
18528
4585
17630
330
7772
9715
456
13386
7595
10336
7698
6062
11626
7303
17047
6269
6816
5280
19004
11308
12947
792
19261
9679
3694
18
9241
14938
1298
18930
10627
17578
6580
18666
17116
1608
8959
236
10890
3164
8017
12669
5255
18686
14523
229
2249
2690
7103
13922
1585
1519
4577
9893
16967
10675
1933
7278
13632
17708
6907
12860
8125
4754
2976
15453
5397
16503
5349
10855
1023
12018
2574
11617
17998
2164
4535
13801
12900
3422
11932
12027
7676
17888
18091
10366
5472
5299
5196
16500
3702
4168
7420
6221
6439
18365
11481
1480
7217
7803
1224
8765
13668
18489
3208
9481
14411
6480
11867
14987
8080
9095
18354
13934
3354
3381
7261
2584
9477
776
4362
6005
9611
16851
8975
8847
12895
3683
6599
2897
12775
1701
7286
12241
5148
1072
17679
2468
9674
17233
260
9690
15751
18068
1925
8314
9511
18274
46
5325
4960
4253
13483
7921
3194
3187
5690
6853
4796
10056
5451
17611
9345
15282
9434
13921
13256
10937
1666
1355
60
9352
4902
18364
8546
13599
6002
11788
15562
1805
5742
18645
12558
1110
3669
17842
12065
5775
8627
2412
1976
16325
4481
10619
7800
6014
290
10124
3510
7454
10982
1225
2918
3726
11874
2987
15592
17943
17827
11897
17764
15770
11111
1715
2526
7661
13373
17581
14726
15856
841
6411
12852
10076
4975
11002
11298
18269
9446
17691
8389
11063
5651
13980
9380
5884
13825
4394
11759
2821
6365
486
4909
17828
6343
11570
18203
17464
18653
10957
6861
9070
18798
7391
18352
12300
11653
3952
3099
885
12030
18799
13395
6997
17354
6380
2960
17823
17082
11407
18382
16595
14369
9994
11323
1243
15197
8045
7148
4138
8111
8534
1161
7087
7024
16884
4980
13329
7729
3112
1412
2064
1692
5849
11124
11194
18387
288
12204
16955
2090
7773
17955
8260
5322
6619
6587
17391
3400
11537
3623
2270
6381
12792
11178
14102
6780
484
11561
10716
12010
18020
4883
17271
19218
18395
17724
10747
18866
11803
8760
13571
195
17644
1375
626
14891
4385
1251
431
15766
2818
12686
6366
2507
5323
6389
8827
11635
12777
15212
3562
7925
18329
13634
1095
5014
10514
18451
13902
6917
17768
17197
8681
9349
17780
9550
7032
17550
7437
12547
13233
19393
16518
11022
10029
11547
10511
108
19074
13405
18650
17962
6413
4591
7012
436
9819
7577
5107
13474
16411
1503
3271
12244
6908
9448
12839
3458
7711
1734
3787
7144
4608
2533
19136
10424
10220
2860
1351
15322
2892
2241
6840
1495
14331
3638
5051
3489
9072
19385
16899
2979
190
10699
4386
14270
3249
12006
14422
5439
8429
6890
5105
7919
11479
672
1140
11434
5072
741
2147
13587
7896
3921
17591
10071
7608
6820
2180
14212
18951
1361
12832
7678
6045
17024
14111
6434
7255
18797
14130
1563
10359
4881
15093
8235
6607
6066
12450
9497
10499
9615
4195
9205
17302
8137
2340
1710
1391
9991
13308
2173
14516
3700
7599
13653
8912
9476
5866
18842
3159
12438
17709
3690
7184
12834
17935
19133
1338
9287
3186
5079
2020
12679
6824
15737
1724
19281
15240
11667
6296
16529
5267
14897
18995
4484
11564
5865
4895
303
4702
10860
6117
3307
11167
6205
12552
7003
5129
3357
13041
444
1180
4456
11497
8558
7741
16485
8404
12567
13493
16860
4016
3315
2049
7246
7888
18151
6819
17210
3260
11713
12503
6789
6848
16647
11842
3986
16406
11424
6120
13046
18441
7718
7796
11695
15980
13923
12827
18144
704
2519
16632
17692
1089
16161
1299
16511
7205
16033
19037
2673
13950
6451
3077
549
16397
19099
4223
17633
348
15764
15777
15761
8457
7777
10648
3324
11405
17343
19047
14511
16568
1951
17419
8083
18684
17164
9823
5186
15747
18362
8047
2413
17119
13569
18386
6895
7934
5520
8677
5801
6919
499
9226
3764
7574
1911
3675
4700
3353
6721
19027
5301
584
14256
18096
4097
3597
14344
19039
5679
2029
6026
13389
19069
10432
14240
12035
18335
18898
1473
4215
12720
18644
3039
18784
786
11284
2865
7728
6978
14904
6941
5423
11587
14026
363
12873
7394
1523
16725
16667
17747
7690
669
5841
293
2139
634
16422
18424
17824
97
727
7957
2061
8440
12500
5230
5172
18450
12299
6786
12169
14742
12090
16915
12264
11015
11247
13284
10608
3265
7677
11444
1205
13433
16898
9648
18119
13583
756
11813
10132
18694
2607
16641
355
6265
8708
3748
13692
516
6479
7346
8656
4205
6067
11403
485
17710
7662
14372
8538
2922
1943
18791
9075
5426
9669
8416
7439
8569
9436
6850
15690
4514
9706
15227
18939
5225
12622
7683
9584
3782
18031
2332
661
4983
4172
3341
13600
13750
3935
8998
7237
10144
5025
18368
9667
16684
11116
1726
16351
17085
1238
13288
6690
17621
16270
11860
19054
12389
9839
17017
3705
11922
16329
3264
2174
6349
17014
4147
3088
5510
6656
8463
9274
15640
1047
8409
7712
14413
10004
11029
7432
17243
18760
13013
8662
5926
9640
8102
2820
10051
2278
1040
8078
4519
5207
5774
455
2517
18892
807
4858
18523
12075
10985
4091
2066
11142
10878
4936
14203
18999
4563
316
8270
2142
17636
5799
3392
4942
3567
17134
8405
12309
15371
14525
12847
9048
3108
2439
2954
6390
5568
689
1364
11147
1036
17841
18244
9742
12546
5303
19189
5560
8327
19144
9099
10492
10996
10277
2740
13132
3758
19017
14389
2247
17698
6202
16522
7001
10633
3102
7158
10817
14365
5778
15853
11785
3205
10622
16831
149
9767
1705
10461
9403
14347
1615
8216
14421
31
18093
11794
9411
5182
8319
14378
17688
12395
6904
4819
5652
17635
4113
14521
14223
17182
7757
9026
3232
731
526
16062
5839
4782
5909
6105
13787
1113
18723
2235
8182
14241
8340
8001
6340
3573
7845
1742
12976
18063
2136
6457
4423
1327
11471
14642
4903
5195
6131
12143
16991
11939
5587
129
3589
18166
15704
12833
8837
4632
13871
16805
4108
8023
11915
4439
11058
5615
5547
5695
1248
10662
8988
5153
8462
4823
13411
5982
18403
5063
13008
8876
6276
12742
11506
7710
3494
11110
14266
350
16948
11047
15659
461
2126
8782
19187
6564
11554
4401
12148
5843
13390
11346
10512
1846
1876
10866
6512
13211
9740
10112
9079
10748
933
4303
9459
11996
8028
10165
14381
1747
13482
12222
16751
7585
15207
14508
11701
4294
3549
14514
8675
17629
5314
13359
3531
4691
3601
8788
1935
790
13319
10475
10998
15845
1727
419
7291
1773
18207
1117
2575
55
5457
3206
13915
18353
19238
1601
11067
14464
4663
2266
2353
15154
6406
1644
11559
12875
3252
12254
6038
18076
8075
10980
9708
11386
11127
5696
6442
836
3497
17845
1131
12549
19151
17725
12896
10074
6044
9919
10008
5166
12854
10106
9475
4887
2118
9859
15414
16320
13060
13349
3101
17462
13945
18378
5873
6699
11328
1010
1067
11573
7840
17637
14911
10959
7462
8493
16586
13208
11812
2576
8878
16682
13057
8733
242
8333
3794
12908
18252
17890
10326
1343
4434
9833
2326
7164
8954
487
14287
16835
17771
17262
14434
11725
3767
8763
387
3360
8048
17046
17202
7090
6551
13894
14310
17408
7759
5693
11060
5930
5078
2392
18913
15324
10971
2219
5507
1875
5762
10728
2333
888
529
4081
16793
5739
1975
9753
10907
17873
12857
1461
18380
5416
7842
2833
14327
2909
16523
3511
11973
4968
12437
8158
7696
4137
7068
10759
18100
14487
13512
10282
5871
1209
10173
14112
2679
13659
6041
11049
1567
13812
17761
17386
8852
19161
6152
11551
5807
146
4351
5518
8540
426
14126
5229
13130
8612
16395
5890
3460
10660
9837
11846
5126
1508
14814
11475
4225
2053
12040
9881
3613
2314
5261
9768
2524
17989
2463
6885
11848
9619
12744
11638
11960
1898
16463
8124
11082
668
8283
12502
8871
16459
6443
12184
4140
694
1757
1422
15265
6625
11700
4623
11540
2811
9362
5333
6568
12481
12693
2874
10187
14467
19214
6257
3553
7975
17607
4751
12789
2248
1622
3026
9748
12165
10898
12372
4833
4240
8590
8060
18179
6111
2014
11515
10009
7954
18199
13714
13417
18392
1869
11668
1952
12251
13816
9454
4521
11165
6762
18750
8624
421
1977
6524
11676
18751
12339
4400
2371
9942
1662
68
2952
981
6563
12658
13746
1784
11835
6914
8109
4270
310
16786
10442
6303
16620
18379
5894
17251
18858
1054
7364
16293
17416
2365
14499
4472
12876
9439
4558
17488
1424
12534
1288
9111
13314
13063
13751
8951
16949
12977
5786
3364
6854
5231
10197
18124
5740
10677
14156
13088
4426
2459
8668
2100
5542
6967
4792
17615
10115
8575
9006
6426
10228
8689
7372
10637
18153
17610
33
4289
3496
14353
2394
7021
18571
4744
6456
12248
16987
6695
343
3054
6728
12750
13828
3474
6033
226
15746
6825
18126
599
13431
16658
11014
11268
5489
16792
12885
7414
18305
17057
3092
1287
4973
16939
12022
7519
12504
3871
17453
12690
12221
3785
13693
9801
16387
5861
15401
5291
14536
5737
5348
2665
17972
9217
3681
5392
15730
10943
7076
13398
4348
5264
5279
13078
1859
9219
19011
12835
17333
2884
13640
1272
5687
13347
17079
9691
4765
11007
11324
9290
5949
12178
15443
3947
4799
5206
10688
18812
8863
12601
11166
1700
9830
14123
9104
16324
7165
3291
18381
17235
1296
12870
9733
13000
18061
2904
10867
14185
4753
11904
199
2334
1105
8885
5658
15698
8465
16483
8576
7418
9641
435
10778
8999
15876
8936
14101
5018
5401
16405
7749
14144
7783
5071
12662
3796
3883
11634
806
9346
8385
9873
8043
12688
6913
11009
6063
17879
13895
8274
2309
2095
9383
1537
13949
13807
4708
10209
6603
10761
7580
6514
6875
9834
1730
9704
7854
3997
5588
18656
10341
4251
8059
8071
14023
8583
212
9992
3439
1396
9559
4501
8502
16678
9949
2067
10750
11792
1571
16414
13135
12760
11781
10934
5406
909
18724
19386
19388
17805
2470
1118
10482
13024
920
6049
8426
1551
7637
14093
4651
16060
4118
18524
817
7516
11430
15933
2419
8537
9277
8442
10241
13339
5099
18882
4516
11286
2310
15622
13246
7166
11601
18607
9526
1914
18102
16703
18802
9467
17951
772
6991
4346
12219
7565
1633
2
17531
976
8680
16631
14305
6724
4116
13232
19191
14468
508
2224
6787
8297
7139
13107
5607
501
9546
2069
7523
9170
6805
7101
4800
14800
17990
7310
15510
14558
9751
539
2745
11331
4476
16971
7265
4712
8214
1603
8900
14334
18062
6226
13245
18970
8658
17814
2946
15959
4916
4832
13872
9638
4175
17211
2043
17023
13304
1428
2076
1515
17507
15542
19282
14435
250
13454
13661
12246
10310
463
1476
8112
9247
17779
4536
5346
3817
15417
2764
2339
1183
16515
7588
2289
3578
18652
16790
16421
3133
2782
1708
17752
19264
18005
2275
16984
18943
852
13940
17548
13983
12924
11467
6129
6293
15229
5292
3980
1836
17785
5258
4599
4866
12452
9523
7886
18506
3024
6741
6510
16626
7994
9306
5482
16386
14403
8434
5674
375
16402
2807
3728
2872
16340
12801
7284
1749
15914
5911
1751
14299
197
10704
5062
8924
9613
12741
11495
10914
17800
15228
9534
11723
4637
17945
9050
5936
2155
3138
2097
2754
16525
5312
4541
12390
6351
9145
17969
10218
3115
12275
10938
3011
5248
8349
11264
18577
15080
18764
9438
9302
10712
5513
5335
18287
7114
6419
1516
10293
17579
2641
6071
5708
3535
8291
7877
18401
10118
10880
14017
9316
10167
5573
1564
17520
17102
2794
5038
4723
17646
17704
4741
5174
10901
9831
7240
14363
7831
4219
3662
16502
8035
2423
13328
6659
4419
18591
1697
11608
4157
19125
1632
9755
17327
9127
5810
3396
6187
3842
16633
16869
14125
18841
11436
3768
13161
7485
18827
1910
16874
6794
6212
6755
10229
11600
8299
5462
13935
14165
10531
13941
17589
6925
9038
3609
18740
17452
12088
2221
5851
6099
3679
11319
9114
2883
15455
10928
18955
10705
19217
1295
10569
15644
6664
15089
2408
15196
5485
14454
6541
10837
18336
3923
13238
15942
7079
3030
18116
1902
7098
12059
5951
16780
3647
16417
2636
14119
11024
18749
15692
5262
3896
3961
5891
10260
2795
822
6858
12793
7768
12596
17020
18843
5184
5815
10164
14028
897
1417
17552
908
17751
17790
406
17056
10726
4169
5315
5317
11122
7900
11893
17078
5565
19201
18592
13613
5053
4595
11012
12210
281
3491
1293
16666
7408
12284
198
12557
13535
8567
5561
10487
13976
3863
12442
19368
1888
13459
12829
13648
9457
6612
13358
13162
17893
8858
15709
2493
10216
16724
4441
3744
11557
17178
13043
17109
8229
10599
16818
555
3363
2908
6271
1709
17246
6610
8830
12376
13379
11799
18769
134
13074
18795
11354
11384
17549
13963
19077
8476
16356
223
4680
18910
11398
6847
9272
6929
7542
7911
5137
3451
13546
194
10556
8560
6103
9496
10374
18494
9694
7788
6327
9228
9906
111
11672
1142
1337
4341
680
5689
14018
528
7323
3548
5147
683
8428
2674
11069
7336
5944
6217
12290
1122
3003
10373
8386
8268
5430
10383
703
10967
7199
17745
17801
14202
18263
17412
10465
16488
6903
8062
13081
6740
12838
9248
3388
475
17457
11079
9451
274
4622
6989
7096
8114
13334
2163
13444
14543
6154
4977
17921
10256
8479
4850
5298
4998
18541
13387
5916
14227
12102
5524
12824
8056
11106
1100
8162
4461
18098
10462
8636
11348
9253
15908
10887
3568
8940
6984
18111
3280
346
2878
9899
14063
6657
9378
559
3791
10899
9566
59
18925
10864
17135
8907
4859
11839
12698
17663
10327
10110
10968
2294
6526
5438
11878
2045
536
13257
13226
11094
16710
5282
6310
7670
13307
5281
11646
17755
12406
975
16495
14030
8831
2499
13997
15200
12752
719
3622
15475
18572
7991
5104
4791
18357
11585
18709
7248
8065
5198
12477
2790
306
6236
18480
5134
7342
16425
12953
6502
12850
18914
7667
12434
4451
16569
14261
12624
1704
8003
3365
13685
2558
10983
13193
3256
2385
13237
11890
15345
3322
6708
3938
367
19330
7309
17430
17720
4798
18453
5581
8156
4047
3803
12804
144
14329
7305
17325
11921
18505
17829
944
16736
16526
9761
10758
4255
12516
5933
7739
13592
6705
9727
8521
13612
2511
10963
5113
1203
4785
1971
10292
11156
2107
10578
18013
10713
19280
6645
7407
18962
8151
9797
13004
7630
1591
4222
17117
1593
10214
8271
2572
17908
6586
9575
16651
19266
15454
13735
7920
437
15775
9757
8879
2716
8490
10669
15702
4283
19049
9661
6982
2123
8549
1356
13268
17089
11581
7884
15976
2961
15913
4572
10117
1691
14252
4407
7253
9676
9218
3328
1862
9408
7563
9568
17973
11193
1231
1482
18044
18393
1269
7544
13766
17287
8361
9169
6163
18162
1021
11756
13968
6128
5208
8040
17523
845
12145
9084
3929
422
13579
8948
10186
17105
8938
2037
11670
6988
15684
11566
9766
7808
420
8116
7648
11091
7744
810
10972
7445
3676
11592
13061
16733
12168
295
4783
2828
18538
16542
8252
9653
2923
11770
211
470
425
9147
1924
14083
13928
9851
9875
7868
4601
6292
7520
2838
979
9956
12194
537
10635
19180
13525
19361
863
799
13657
12907
16534
3070
3746
8494
10777
5260
2395
10135
7626
16362
7849
5202
4412
5170
18734
2984
13198
1413
2689
1345
490
8224
13501
4634
1202
2025
14307
17543
9103
18767
1062
10275
15989
13943
13651
6594
16533
17009
12167
14073
10081
18461
10941
4955
8284
3415
10213
13145
7061
10268
2799
12822
11135
14146
5350
10965
7249
12142
5371
10563
5989
2051
29
17715
12286
5306
10904
2978
19340
1144
4966
5015
7953
13133
7835
11173
1845
16403
12528
7634
4502
2257
1466
2028
12677
12734
8620
8497
17188
8243
18488
4252
6468
13073
6108
1895
14491
15748
6190
17169
10127
5598
19024
5900
19055
1409
5102
6864
16445
9207
15998
5097
4944
17080
7108
8862
4279
6344
13769
4910
8922
17819
13584
8412
862
14014
16972
18439
17647
3449
18745
800
2060
2625
17016
18742
6623
4825
13271
16698
2391
7703
6170
4262
6910
1103
14072
3591
9712
15767
1261
5985
1900
3673
1320
13798
1011
18129
2516
7776
11780
2695
15695
4237
5201
3331
5453
394
9985
13897
5075
13730
15172
8334
1494
18534
4469
18132
9898
1944
18419
8123
3452
2670
13202
12718
18973
3555
3267
4939
16347
2364
8979
2104
7609
11757
2203
5300
11679
16001
17706
17471
5199
7288
244
6473
10283
6729
3998
5721
8958
4382
2080
2653
16465
12037
4055
19185
11731
6322
19270
3130
7673
1860
6921
14131
8169
9812
2088
9993
5211
7052
2566
10687
5885
8744
2198
6867
5114
344
13134
9630
18516
18945
13318
6387
8227
9230
8024
1720
12126
12072
13624
9063
10068
5931
9058
16
3752
7864
16789
3607
4793
1500
3454
7697
9673
6021
384
11925
9077
7780
6634
1842
11933
429
7419
6893
11928
13163
1094
1850
4123
7887
4227
7411
8298
4007
6305
7973
13316
7348
17954
5442
11829
9853
7172
5412
7872
7700
4598
10555
12195
19045
7500
8610
11777
18679
5074
5425
5068
6285
7897
18594
1099
17712
1932
8835
6246
3677
2528
872
13442
3759
2837
6248
17754
4259
3171
1471
7200
2011
5648
5771
8509
10181
12180
5599
2898
12753
7557
5220
10889
2377
2479
9034
7182
7669
3114
6104
7629
14377
18260
17097
10116
17896
13841
7163
10331
3517
18266
12196
17946
14412
4435
5040
10760
16517
4851
8507
2856
5680
6229
14278
6316
1335
6300
18246
1219
18507
6556
11484
11885
1748
13609
18608
6462
5921
13658
10393
9923
8310
133
7556
2092
4069
7858
15879
1411
9381
16494
6590
16592
4012
1390
12987
8474
15778
17878
1961
17383
10659
2967
18511
4288
12173
10766
990
12730
18611
204
12063
4185
16275
11326
1772
6148
18083
3195
13121
6260
9417
4234
3243
8104
4653
18227
6578
17757
12276
11674
3061
17132
8722
4957
18967
5433
12080
17863
3778
18436
7428
10701
1813
2983
10158
7446
13352
652
12761
3366
16376
11704
5161
11699
11325
1790
9719
6375
2596
12362
7879
5853
18582
16907
17583
12252
8373
13697
7046
8604
10856
9363
11315
13376
6398
10693
2150
4477
17767
163
17586
11613
7441
13258
18548
8942
2678
6097
5502
7115
18880
2449
2346
4120
1744
19395
3624
15420
3305
4171
18521
10429
1498
1857
8304
2267
10695
10223
3977
7349
4522
1435
12128
5858
10739
1427
12961
16709
7636
8316
18027
5178
16436
1957
14566
7206
17128
11819
5222
11415
5804
3617
4979
1186
10350
404
1750
1866
16384
1852
3228
15983
11422
10090
11652
18099
8869
8816
13276
16304
10912
7270
10829
17316
10069
7285
17729
8777
2891
9279
292
8877
14404
12914
10236
2816
10468
10337
948
11750
1864
2401
1262
9790
13759
17702
3294
3301
14540
18333
5271
3806
10348
13447
9307
4919
11658
660
12298
11868
13370
7538
15760
1447
18440
18746
2896
8294
16659
14430
13847
8292
2703
3762
18253
12127
18662
9800
699
18699
5108
8810
11164
10242
6470
13426
10155
13852
15176
1253
8990
11844
4393
3027
9220
7687
12047
10184
7720
2307
16317
7655
8637
11148
7377
9333
9749
664
12576
8313
4213
15805
1286
8850
8414
7750
2461
18587
16573
16018
4028
3049
11786
13300
1886
9976
18539
12449
3615
11496
7848
11294
6090
10640
18654
11019
6496
6182
8336
2329
88
1001
4424
9335
2007
14000
16761
7820
16853
13764
3948
5725
2682
3628
12779
4405
17832
4846
13407
15739
4759
17717
4049
18678
16509
4470
10781
16787
10520
15213
9379
10438
1123
17149
4056
11011
14148
18194
9655
19334
9646
6981
5009
1729
18829
19379
2597
17387
3741
449
5080
13026
601
4849
16812
14095
629
1949
4039
10322
10947
4974
13598
2650
3616
974
9464
8408
17168
4464
19028
265
280
8266
3523
7709
2862
6743
4777
3065
5217
10441
441
6548
17026
7383
1188
2920
6393
7155
14289
6633
7966
1589
12542
16718
1883
7644
8378
82
8076
11083
2006
16964
6475
13977
9395
1233
5183
12141
16544
17209
9632
4467
1465
14490
17087
9913
10000
1026
4802
7945
19082
5901
5889
3425
14457
14644
4170
7478
18341
5703
3505
18677
4231
10315
1610
4110
4709
876
17295
13988
13531
13201
4077
3299
12851
11288
1376
11421
14383
3696
13461
16719
19198
4699
3975
224
10147
2513
10723
16692
643
4449
1717
4747
2315
9520
16426
2442
7075
14167
4693
9541
9376
12605
16672
2700
14420
18257
2535
6417
16968
3924
4603
5976
5998
11983
18964
16497
11534
2030
7689
17397
4181
18975
2654
2633
935
13843
3245
19009
18739
3745
9492
11427
12094
18693
12099
6448
10148
9433
6700
9366
6827
2622
12313
3455
910
17963
12293
12064
13206
9752
12162
2801
7607
2846
4831
10949
3734
5539
5307
2733
4463
7578
16125
13194
19155
37
5465
12890
3031
6054
12061
3068
16702
9788
17366
9161
4842
3845
15932
18133
11744
12882
9835
12981
15762
9969
1782
8473
3384
17919
412
6747
13978
8431
3593
15319
8643
18748
1432
11395
9388
10737
3441
18094
5001
7620
17742
12877
5381
5410
6863
12887
12096
11195
3352
17590
6815
4580
9413
3566
18813
17885
8787
1154
3085
12448
18023
8994
9770
8417
1443
18140
17971
16567
8735
11527
13567
7631
4489
4894
10107
11949
16344
820
7969
6943
12501
18078
10629
5939
18449
17159
18476
13933
10428
10565
19096
5221
17656
6224
12979
8705
9687
15536
3401
8993
1628
6280
7898
2465
2545
5483
6883
10810
15178
11858
6950
18958
13428
6180
7345
12485
15744
2708
11272
14497
18831
6678
12848
240
18575
12578
6196
3869
12333
18625
13464
8678
785
16769
3157
14215
9233
16464
2840
18978
3443
5081
2075
5650
13354
2747
15944
9334
17866
15740
8873
952
18504
9910
19312
13869
9156
4593
7388
966
18411
12378
3284
12737
10045
12639
10085
17527
16814
305
1614
18053
13079
2000
9783
3066
14579
16587
301
14388
17605
593
18593
16997
8127
12016
452
4099
13785
6596
7461
17370
1135
19100
5434
10683
18690
11525
6096
11975
7543
4695
1997
311
1796
11782
6598
17163
9848
6114
10751
10590
35
3097
8589
12367
7699
14407
414
189
3470
8908
13528
1360
17526
2151
9255
9782
5159
9025
4143
18570
13703
17433
10574
17753
695
18509
3836
2779
6679
6291
15230
18344
10036
768
4658
3041
18544
10249
5309
4958
1592
11565
7761
7088
10658
10381
10974
317
17306
10162
5167
9795
7344
9258
18205
7308
7215
5812
4392
8639
102
5852
6909
2177
5024
12082
7904
5429
9052
18028
1309
7247
2993
9815
18049
18468
7754
14279
41
4982
18808
17719
11372
5473
9406
2019
5020
7584
7916
9010
10929
10595
2368
14001
1903
17491
9536
5773
16956
4508
3966
13017
10757
13938
11905
3057
9132
5150
3610
8854
11977
2569
4399
1920
19052
1126
10606
6353
254
11020
4870
5373
17925
3420
11482
11784
1613
14002
8160
4192
7769
9474
17205
9489
6250
6304
13154
13455
2047
6525
5907
10137
17891
16650
11044
10584
15512
12282
13772
3918
8962
19089
5368
13327
18733
1768
10138
18629
8364
12234
7071
610
18090
5940
3751
4731
9583
4735
1208
8655
11483
11132
2497
389
13809
16908
17493
2696
7204
8290
16416
3483
5269
2127
6711
379
7790
7099
12498
7049
7624
4275
15376
11986
7055
10398
3834
16026
18956
890
1437
5122
2062
14557
5713
6799
2888
1987
17347
7668
10940
10130
9650
12136
17150
4814
7228
13092
1055
12540
2823
17028
1499
15728
7691
18106
8503
12071
3962
5975
11654
7600
8286
17956
11146
18658
6252
2959
2451
19243
1547
4643
319
11469
17031
17497
4164
11283
19287
9528
12892
11452
17651
17193
8762
14437
169
2609
2254
3174
12818
13490
18727
10961
14062
17540
8932
8573
6902
18230
6402
4685
17944
335
12256
16596
11696
15248
667
13424
3559
11817
3356
2501
17053
7222
8004
2854
10226
14433
3652
4845
11378
617
5638
18702
16440
967
6264
7988
8618
11588
18736
15667
9732
11913
7465
18971
12938
5419
2218
12295
17565
2772
12076
3378
8671
16410
16454
12220
4518
14336
13908
10101
4276
1148
9120
13942
17598
11440
15769
4666
4935
18533
1477
11862
10161
4847
11314
18008
18811
2567
16618
19274
5633
5402
2780
3859
6211
17454
6311
16435
15530
18697
6384
16621
11333
5819
3023
2454
11936
16763
5577
18021
12627
8913
19163
12306
15749
12100
9838
10524
18598
17299
13800
12770
8674
15754
8672
14161
17657
10581
2895
11292
16369
10477
18010
17289
9278
730
3091
15776
17807
12507
13009
9343
882
11081
3536
3430
4453
7196
10859
5470
2208
14727
5731
5054
2361
16913
9658
13774
16476
11486
9484
10634
13332
6400
3445
17897
16760
19090
9128
13123
10040
18822
13555
6802
18035
1029
15721
7078
339
19182
11365
13261
11410
13418
13876
16359
5968
1764
13621
9041
13172
12740
10529
18934
6652
11850
10422
15092
5057
5941
10479
7269
1533
13694
19220
7334
11728
5789
10736
14147
14209
8475
2813
19307
13150
13087
18794
5259
16773
18540
18877
4959
3799
2486
1372
7321
16875
3165
6423
3302
18201
4781
16996
6197
2357
13796
17259
10417
6884
6227
2154
503
16714
760
4746
12092
1756
8134
2220
10046
2216
7212
3259
17660
3221
18526
14551
7409
16934
14084
5983
3541
11692
4760
17282
10262
17806
13475
17960
17468
12684
99
2370
16646
19156
18474
7357
17918
17608
18490
15982
9950
7329
2094
17594
1928
4064
13480
3367
5552
9442
228
6693
5797
13415
16433
7450
14357
6582
16952
18870
3864
2196
13064
2305
7276
2318
2023
3756
3140
16091
10225
9498
11342
3261
5934
19351
19150
9879
18347
8690
4413
18761
15849
4772
9505
2975
10951
3957
7154
18689
16642
145
11650
6811
14309
8539
15639
13384
8796
6317
3348
18444
7583
17365
2086
5146
2403
2171
9028
13577
17721
8726
13089
515
16895
11503
8259
4250
9244
122
4037
11327
8108
10103
9912
4907
9743
10805
580
14921
12610
13508
10271
1529
2724
13446
17950
6801
11229
10276
12893
17141
2935
17880
8894
10202
8685
9008
5109
6428
12052
10311
17400
12538
17803
14068
2467
4438
13383
13315
12155
8343
886
17977
10542
840
5663
9119
13321
6635
12301
5415
1678
6734
8204
9901
10610
13151
505
6900
14044
6488
11390
666
7116
3098
1162
9385
7682
11948
8888
12593
16541
3750
10
9187
9039
176
18092
595
2619
5678
19210
16645
17350
5391
16366
11906
13979
17874
5864
5131
14527
11620
5869
10825
148
16634
12078
10948
17995
6841
11678
10792
5618
17810
10508
9772
14210
13589
8101
94
347
18675
16839
4865
5437
13422
7014
3575
12013
2431
6493
13550
12951
5366
11951
907
11274
13218
2769
18115
14117
16680
9683
13360
13955
2165
1847
8647
19389
5532
18948
1716
7971
13904
10452
13642
2638
1066
12467
17658
18472
7208
3429
19387
11946
18804
7218
15809
2645
6370
12985
11280
3994
10108
17909
9355
13336
15875
10038
702
11170
8724
11849
5240
8544
10088
10291
7571
18532
16809
3722
2128
19211
6174
5140
3132
14269
12326
6774
5479
2640
10354
8759
19040
4877
3543
9440
619
6052
17042
6418
18417
8584
12821
2588
11420
13348
3225
8840
10092
17304
13877
8531
11244
16316
14222
1399
7950
4318
19252
12215
11134
4571
3153
2402
2098
9940
14244
2149
10707
1407
11866
4586
13851
1038
11549
11499
17258
2057
6444
1022
15552
16795
10703
16969
18051
16774
11038
6868
4235
9974
15869
12382
739
16825
17418
8614
19148
11943
12708
6916
6009
7881
3193
11053
7528
14484
18004
18916
2189
14308
3682
12259
13361
887
2125
5493
12439
7802
5590
5499
17428
1881
8422
1931
8309
17673
11446
3362
1982
4862
4180
7027
11092
5986
13779
17504
2766
150
4768
18867
14052
12495
13910
17727
13351
2655
5990
11202
8433
9487
5091
3204
9268
14184
912
18965
1342
4610
2771
12872
14150
10862
3110
7514
10491
3213
4694
17096
10900
17139
4812
723
1400
1239
18620
13393
11256
19298
14535
12635
11228
17641
10172
2342
5619
10096
4084
3570
13688
9493
2455
4217
9637
14432
10984
7464
6859
17267
630
15139
3119
13401
12920
17758
1176
7390
3839
9954
9561
16537
9081
7072
13234
7561
12206
8734
2256
7048
8740
19360
6544
19149
5130
403
1106
2797
18717
10087
12551
16738
13930
14461
18834
13900
9887
3375
18756
16619
16590
7480
506
366
7260
9944
4822
8359
17577
13639
2380
13116
9098
16759
6461
18890
10785
2416
17001
17731
1462
18081
1005
502
2367
17541
3584
12682
16428
3749
3154
1179
13275
6773
9310
914
7043
16830
16034
7153
10319
3317
9938
9495
3040
11875
9471
13628
11347
3701
14833
791
3951
15686
11898
18605
2853
10715
4264
5753
12957
6979
9701
1063
13863
11504
12969
7713
13673
11752
10191
5988
3811
19031
14071
11281
2447
13470
4035
6392
17310
16255
2073
17314
56
7775
8454
1826
16434
9652
6993
17859
10877
7009
8617
16856
4920
10535
3476
1659
2058
12633
2418
13762
11000
3560
1833
12902
15988
2157
7455
13241
17937
10431
4321
5761
18737
8371
17088
1354
3281
1657
19317
12727
18527
13844
18264
4182
11988
12109
14522
6374
11209
12988
10353
812
13392
19043
10251
16772
11270
1323
8415
3963
7902
10397
17560
8407
3053
750
1384
7341
10722
12623
2482
4905
11464
7755
3500
6611
17434
16975
5386
12261
2341
6000
16419
16992
17778
18169
17045
18056
14242
283
10407
7998
428
16294
17940
14217
4009
3404
1073
78
3022
2847
7524
18104
15641
18071
2573
1046
5718
2599
716
2397
12312
3688
7833
10012
8969
7322
8698
6487
2312
5463
13093
3255
19235
11030
6822
8565
19283
5275
4029
8997
3408
17348
5654
1807
7143
17816
15544
12444
9257
8456
13190
8478
3837
9292
16432
13805
14133
1988
2520
11854
3569
9023
12137
839
17174
12462
6609
594
13350
11161
4766
19097
18688
16447
165
27
11550
16928
7429
1377
10335
7374
9698
2276
6516
7131
8021
3860
11705
2375
7002
12260
5056
12812
1785
17655
2604
1624
5177
12653
17929
1120
9730
17269
597
6764
8703
1719
11703
13878
2930
848
12374
6725
11808
19062
2120
19332
7760
9003
8980
3169
18291
15551
4355
1145
4527
17740
9580
8710
18089
2156
17697
10674
5738
4364
10755
382
6694
1171
8175
7443
14238
2110
17339
18158
18859
2272
11332
5895
13445
9184
8010
3488
18108
17687
7774
15314
13452
8803
7665
2424
14439
12888
4499
3277
12701
2812
8616
2637
11689
81
18980
690
4019
2237
10958
11724
4062
13477
13139
4010
13215
11309
4602
17185
11642
1192
6486
3495
5052
18346
1218
18220
11295
19338
10630
2966
17714
85
10537
3007
5506
2977
16936
3990
8910
4954
6667
16519
1735
701
1226
5492
9174
980
9935
17376
10426
8775
9849
430
3930
246
17487
14531
1830
2614
4567
17622
3217
2195
10389
19311
12359
17978
16813
1153
6368
4065
10799
2404
12993
17152
19174
2132
2565
14196
1646
14339
5238
3754
15308
7594
16611
9033
12927
13770
14410
138
17670
7905
10589
9386
1481
10602
13604
11930
10804
6245
15877
3528
10067
7914
8987
17553
12709
4664
19353
7632
7436
2255
5494
12724
13724
11746
4963
6973
12186
1491
9525
8350
5501
7745
6600
5276
608
11556
18659
973
11304
10261
19173
7151
18283
18478
10815
17477
8865
14234
8042
8506
3988
12595
12634
1882
9926
7935
5138
3816
2143
17172
1043
12570
9054
18167
18681
3236
10344
5180
3586
17677
3992
6715
14495
5456
17165
6939
17831
4200
5341
7509
18719
3547
10093
5664
3906
5832
10206
8687
10486
8002
918
5514
11401
1873
14476
8496
5877
11739
13252
16343
11442
8855
9303
15005
11361
3
12606
17987
3655
170
19158
13152
2001
5820
9570
18396
11399
17602
13972
7369
7463
14880
3379
209
6362
10858
16849
15742
13824
7801
19208
15500
6075
11796
14114
18695
9763
2331
7438
6836
10572
5719
18994
7074
14155
10356
19258
10099
9608
8365
9407
992
17639
5316
17303
9521
7692
9589
651
9501
13301
64
9894
17654
6615
15082
9664
7717
1078
5659
5495
7949
4684
687
11065
5822
10549
5449
17868
12239
16801
11758
2815
1887
12424
8960
10200
4272
5755
5424
4631
7145
17773
8746
8437
8477
18211
942
8621
8200
118
9194
14479
15344
4178
13153
6477
16778
8091
2378
558
9424
15242
13513
17634
797
5029
18721
18992
6637
11238
19065
6313
16046
2817
7277
5927
16588
7423
16498
3761
3327
16622
18254
11956
17884
533
8892
2190
2214
1230
19095
8095
19113
14542
6011
8836
8823
17632
2437
17645
1979
12459
2048
7077
16755
19375
7294
8000
12714
337
19324
5958
14025
8081
3970
16885
6545
697
2485
15782
13630
9445
4106
3619
1806
9821
12381
8817
5355
7389
13006
4343
16616
17375
11406
8498
6661
13718
15284
6168
16408
993
7223
13914
17410
10075
5653
3875
881
3279
7283
17129
9836
717
17346
13534
7320
5667
14898
11056
642
4617
2827
17653
10210
2735
1604
12805
4134
16604
14248
6355
977
10455
10328
9508
9036
16881
12377
7315
14529
12012
8953
13042
823
10439
4941
11366
19166
3729
6032
10987
3373
16933
8246
10025
9090
10400
15425
12778
4620
6974
4725
1348
17684
742
7089
7176
14385
12524
6029
18079
2570
11645
1093
18176
13727
4377
10392
7977
14387
10656
2611
9644
6288
12867
4198
4811
13225
2778
17181
15837
1048
2551
2117
17232
7924
1290
7912
5244
5608
18758
14635
968
6570
11416
19145
2887
3978
495
6126
14224
2388
3166
15868
5752
17623
3898
15850
5318
2407
6307
13362
1788
4775
13175
2969
7466
2498
3426
8481
4548
2836
8032
7033
1211
12571
10684
7825
7113
10876
14153
18510
4480
12132
13689
18483
18680
6354
11729
10240
18190
11965
3288
10233
7119
3223
14065
15657
11871
5096
2129
870
13184
5364
3230
7479
11737
318
6326
12412
3712
179
12759
11976
12731
1087
4878
3522
4649
3093
12696
12419
6397
11901
18815
5809
3251
2426
6047
18665
7239
9164
6015
6857
13820
5887
5745
11942
18413
77
11838
7258
11109
1163
8052
18202
9441
17307
331
18924
17123
989
2369
5847
8173
7990
16501
8779
6056
3013
1398
18552
17215
18720
14219
3942
13518
12416
17315
8607
1490
10131
7701
8941
16015
9695
11818
5754
17094
8834
15501
939
17699
18302
4755
10434
5037
11677
9971
1341
4411
5673
4132
10782
7869
10795
8625
17274
11639
16758
4071
8029
10111
10732
4367
10618
1637
19316
4703
13263
16973
2362
17154
6240
18705
6242
5002
2113
17695
14549
12715
10019
12922
11037
10368
6116
5918
18496
18555
17505
10189
10363
6788
10372
4742
10950
5575
12859
16277
17189
9734
9773
11089
7536
4646
9720
8320
2194
8400
1581
7641
3571
3006
11619
10745
275
10385
14157
17013
12032
11131
17247
11952
4607
4511
8131
13505
9905
13453
5059
6999
1213
15773
2936
5576
9149
18406
9933
10421
14427
6035
17736
4855
9494
2775
1521
14225
6091
18482
16474
11697
13803
18908
18981
985
16332
12117
13014
8956
838
9723
17179
10387
2793
13366
17898
17380
1907
15783
1475
12091
15549
9925
3521
8100
5287
17518
4329
3982
7983
5257
18437
18869
12310
2675
14319
15281
3479
13859
4432
13423
2273
23
3160
18613
8972
10771
16531
986
6546
5476
11267
491
10714
17059
2319
18298
14121
16963
7671
5720
9579
8149
1549
10692
12223
18361
141
18671
12348
13788
2159
12974
6726
12967
9771
18848
12242
12269
9201
18931
10613
8258
15691
7593
10308
13662
906
17377
19103
2038
3298
13059
11706
16394
6977
12670
16829
3170
753
8605
3071
5305
19128
11041
9515
8813
7147
3853
3804
4126
15753
4923
12159
9599
18617
3471
8587
4787
7765
711
12473
10548
18457
3492
4370
11169
6216
7955
13973
4437
1371
2893
16226
7541
12530
13990
1000
4686
3944
10396
13053
17084
14317
963
12209
13593
19135
4282
6768
13867
735
16668
10638
5377
289
2937
3466
17305
3184
8606
2635
1674
2039
2514
11249
13792
10502
17678
6101
6777
1502
7209
18178
11322
7
9840
11265
16803
11196
17157
17450
11215
6649
18142
15954
17938
2448
10691
9532
6971
14051
10697
4053
17440
16629
5384
18245
7273
14120
13285
4033
9623
866
17131
9908
8758
5563
1019
8761
4058
13529
17070
7106
15714
18953
8594
19130
8683
1972
17535
15765
5826
2808
12073
14580
9656
17830
19271
5272
2506
18170
13253
18852
14335
19327
11533
10519
11806
3550
645
11352
9793
13097
11177
19325
13103
830
7992
5630
14006
6521
7839
11278
2481
89
13113
1905
10109
9199
18325
10743
12939
5623
8194
19333
9883
4718
11518
9405
1707
6660
17336
14033
10325
5427
1890
6023
9256
8585
4614
8588
586
193
13541
14337
4073
15726
4861
8532
12941
3107
3197
4427
11243
17855
13532
12657
11604
12559
7486
4683
2320
13882
12427
4720
15927
738
5156
6089
16312
4274
327
5296
7177
4308
4600
4295
512
13365
1449
19341
658
3293
14828
2919
11831
9456
13409
2617
19035
18416
18128
11321
6642
17689
6951
11117
14201
1698
13519
6083
9692
1196
11045
11982
9817
6862
9186
2647
19232
8036
1696
17011
8645
10089
12963
6574
16560
10168
4224
17815
10517
18277
10918
17458
5028
6215
12831
12352
4773
2905
325
17288
4704
2119
18884
2158
6956
16974
16653
1143
1510
17448
7030
851
8203
7562
2988
635
18619
8470
15315
7026
7289
15292
4273
8654
13654
4950
818
1930
385
4151
17618
13377
9153
13741
9982
12426
1942
6320
11529
4402
17524
1856
4815
4430
10494
1319
13188
13756
16836
4582
18112
14283
13643
16834
15310
18101
9319
17170
15611
2722
9510
11318
11902
1927
1133
2141
312
3877
3882
15743
11140
10026
2111
10166
6620
2732
18551
1912
16995
11954
17726
10906
11087
5919
19085
5359
7203
14254
13590
6842
3242
19308
9700
9867
13603
6668
3389
12644
1938
7132
5331
2634
4410
7974
9540
5947
5855
14031
13214
4135
6289
1517
14611
8896
10034
18060
18150
5475
17121
13274
18131
11316
18216
18370
4615
5876
7674
5656
5860
17222
4569
11709
7751
12079
12289
1714
1030
9285
5320
12954
5030
3773
18226
6254
11589
16241
6491
10994
12202
10238
15529
16513
7216
16837
18473
8307
6958
7708
9074
2010
12849
6878
17100
4193
6449
9458
18015
1661
7679
4788
18585
4245
5830
16247
3637
6412
11432
17852
16802
9970
5881
9086
5288
17337
9110
12581
10685
5118
3333
5394
9997
16607
1874
7508
18420
3096
11987
11066
12609
10671
6732
3852
3008
1483
4197
1195
10891
7174
17694
9320
6416
7906
10854
9571
14509
11993
2958
18556
5239
5872
16883
2116
1157
12645
8353
1084
6494
12776
795
2580
357
13522
18193
18375
7555
11624
4428
14350
13031
6796
18865
1194
1397
19240
9394
7352
9031
14262
17650
13684
5043
17221
7867
7707
10615
10711
11285
8598
12119
17834
9769
7965
4743
13136
13337
6557
17835
10624
1033
13865
12973
4163
1436
10425
12161
3760
3457
5101
1531
6275
16744
18503
2997
6422
18501
12642
9738
12533
2359
1743
4204
12489
17696
12371
14172
6330
12594
8996
16909
5886
4352
369
11373
3876
8563
4214
17542
4063
780
14881
18896
7496
10346
837
7680
6360
743
12906
6672
5795
5290
13294
9296
11980
12600
13813
4717
14036
12413
4574
10039
11356
16614
10990
18249
6535
206
13911
13326
5536
9963
5016
8971
17792
11805
5285
12458
12607
5994
6765
7492
14076
10554
12025
11507
15688
373
2204
3512
5093
10861
622
4589
10015
10023
7586
2504
7129
16816
9283
8699
11412
5735
7551
10870
13964
8190
8732
1454
2296
11105
376
14173
6529
8516
11882
16437
9786
10440
17195
13667
3733
17864
12296
18942
19188
6769
6682
8717
17405
9059
18497
10882
13434
19064
3600
19345
18213
12780
9402
17473
272
13826
16528
9892
18641
1984
6980
2285
12255
12144
10696
18886
7686
2351
16594
18262
17648
17733
751
8556
3737
8396
8073
14049
3987
16953
3319
19141
2869
14
2559
4537
6520
5880
13818
1189
18790
6112
7939
1065
17203
10922
1583
6222
13755
12105
6017
769
10721
12133
9374
14860
11036
13768
6459
10395
14232
12937
19297
9585
11197
3060
10245
4770
8547
8480
5924
6533
17334
18871
2054
14396
12003
12393
16597
16637
2770
5252
10250
5313
5580
19275
17875
842
4857
3073
159
3851
11439
3833
17557
5621
8230
518
12147
10541
1841
7539
11233
6696
5838
12308
6476
8499
1552
6940
4473
2882
7379
16455
787
12712
18310
14037
7211
13052
3051
13644
12496
896
17811
7569
10663
3200
1501
2122
13435
8147
16148
15771
8805
17703
1712
1967
2366
13227
302
11494
2184
8679
1381
7613
11033
3899
5085
42
17649
8890
4021
18817
17196
7693
10981
9016
11899
8511
2982
15915
15917
10369
2456
10538
4326
6169
10444
18077
10386
16039
11523
14532
12053
606
10708
761
7326
19224
3587
4036
14015
307
6404
17039
2031
8623
13931
14138
8809
16961
7299
7846
416
8387
11683
5139
130
10596
14213
19170
5625
17730
9213
7980
12385
12404
16893
12316
4794
2649
17371
16940
10768
4635
6231
1200
2902
11633
10884
16806
6749
6006
7582
12445
9021
9136
1840
10129
4915
3946
17478
16591
19186
1929
618
5557
3371
5616
3105
3239
15626
12034
7534
8686
1783
2112
7685
5385
16549
12270
3152
17145
12667
11248
11747
6321
13269
1542
18752
3686
5691
640
4373
9642
6031
13404
11517
11253
4927
12707
11640
13230
11519
11772
8328
905
17142
14297
9657
14787
8445
11451
11966
3419
8092
16547
12952
4597
2554
2730
3716
3272
1276
1020
3959
7227
17204
2661
11766
3211
12529
12869
4241
12520
9167
154
13038
8967
10879
11216
4893
9480
7956
7611
16092
4970
17192
3968
3903
7300
623
18499
17796
10178
10650
13413
9068
16943
3579
19129
6028
16864
17580
18232
13180
8771
1660
10553
13259
168
9088
12765
17895
3941
7822
3172
18909
13691
14265
733
8039
8536
17732
8806
3416
2473
11769
17934
16927
18991
8090
18856
18596
16817
12541
7938
16540
18844
71
13686
4471
542
14143
7133
13884
10643
18085
4871
915
13680
12962
3139
14267
1906
9102
18788
9341
9419
14869
1706
9921
2629
18033
11262
6691
14481
16824
10361
9178
1877
8466
16980
18960
8452
5609
5821
3847
17872
12156
18303
9863
4
4991
611
19159
12632
9197
1353
590
1222
11833
10733
19203
1844
9264
8557
12292
6287
3937
10547
17812
11057
17585
10141
6809
10399
9677
6440
11252
12172
13939
12905
9096
10420
5010
4661
10160
2628
16561
16444
153
11031
11615
8714
9166
17843
19206
12318
18810
8702
15104
4376
12492
5572
9716
11688
11881
8202
5144
1312
12055
953
13357
11210
1524
1572
17037
6446
5666
218
9435
3973
11369
19117
17055
19374
6806
18747
11108
5330
3369
18881
3916
11611
16554
4391
14449
16505
7819
9449
12176
12403
9152
19116
6133
14312
13176
7817
6813
10472
11669
13266
3658
4678
10642
5641
2903
10917
13912
2207
3124
2522
9254
396
6933
496
17409
5289
3656
16064
6315
9968
17219
402
960
12050
7503
15674
1212
4618
2691
565
54
9437
8174
12110
5191
11627
8849
17748
5727
5328
2561
4771
6669
8718
10215
16660
15697
18558
15179
12703
4008
17388
1241
17447
8118
11524
13926
6759
2848
8593
8460
18466
6051
925
16788
18475
11200
13557
14179
9350
2858
4669
17439
12543
12797
6791
8228
4173
17907
589
10646
14323
12370
4885
13205
18069
12934
6176
13544
3436
18735
1865
10469
18397
12806
10466
5321
18358
6534
2491
5883
5640
1169
5179
6543
12453
18984
2213
18589
10657
3296
12901
257
10869
16701
12441
1946
10850
11843
12182
16912
9209
12398
15768
24
2994
1440
6138
8676
4662
10317
4578
4176
13618
3964
4873
10151
10457
7375
18646
1070
18977
11903
4655
3915
13754
17199
13375
19091
7733
447
4624
13118
5624
11616
11787
18204
10066
11553
1185
7025
19396
10848
18803
19319
7192
18612
11609
18007
11363
17329
13485
16326
4417
2105
7654
5710
5194
14109
3981
5993
13564
7136
5145
17374
7059
5743
18710
18280
6874
13846
5278
4943
5712
17103
12841
1611
3772
3950
10871
7742
12745
5155
10503
9598
14273
13028
3268
13502
511
5340
17294
5614
18996
5963
9423
5504
2578
10324
9198
19068
6079
12285
7908
11032
9135
16346
18242
14040
16330
17115
13449
4734
1452
991
18550
11944
11877
5190
1799
8741
14455
5605
11651
4990
6779
2594
13666
19226
12249
7399
14380
14488
11751
285
8566
6870
6429
5342
12291
17966
5969
2206
18674
11927
18614
3403
12518
8966
1511
14627
2102
3450
1362
80
17496
1753
10001
8257
4539
10609
5450
19015
18479
12556
1193
17414
5953
227
9621
5925
10449
15911
11630
13786
2972
6328
16393
17244
1543
2099
16496
10304
2822
8341
16514
2941
2512
10281
18048
10594
9750
14442
18315
6167
7142
11879
12916
18281
6077
4466
7378
11052
2487
4334
18394
10264
7838
10419
3368
11999
3513
6554
17241
17253
9544
4238
3372
8482
2659
6785
2236
6030
12736
17008
18011
14664
8301
9709
2699
3182
14367
7960
11234
12928
17120
1658
12305
17920
4839
18431
12468
4733
1108
1270
17474
9596
1728
18422
8770
14043
17957
14918
10113
8154
10956
5253
3207
2082
3226
19337
19006
10057
8014
13570
11722
11005
5669
362
5844
5027
7366
2719
6692
1438
8068
10791
11511
17465
9005
119
12225
2421
5087
1598
19153
15249
11743
2548
12764
1829
11367
8644
4837
12641
988
8453
8860
1673
12828
18789
14106
4609
10463
2091
17913
744
18275
16914
10863
4485
1423
11075
11560
7894
4806
9105
18217
2804
1964
16334
9662
10797
5112
17286
12791
2483
16932
1867
17136
2446
6771
12652
4408
10342
4639
3032
13127
16905
4557
14132
9744
17567
15317
13168
16804
11793
15741
14128
1992
8635
6147
17058
3304
2939
11465
6821
7185
11938
1453
11335
17445
15923
16285
13277
3444
5204
12129
13903
3825
9776
17739
2026
7529
8561
18270
16481
2518
8545
4774
18927
12614
3793
8875
880
17917
13156
17158
1082
13909
2304
6946
11371
6626
16451
2349
5116
19277
3925
17484
397
4762
13696
9869
19066
214
1962
676
19296
4141
18237
1527
11291
9326
14174
16078
13925
13270
10495
13210
4918
2032
13725
1557
14081
4889
17642
11823
17489
1291
7244
7190
681
14013
1314
15289
1149
5389
18107
6800
3376
14264
9177
949
5329
7797
8058
7127
3809
1656
613
1313
11992
6778
9710
5995
15792
11836
13674
13732
14583
7628
9429
2669
13039
399
7581
1121
14563
8766
17398
8468
6553
17130
1948
17459
15756
13333
5295
17887
7137
10306
17298
8411
11018
5246
2881
3393
12331
2523
3727
11912
7057
7993
4186
9728
17127
11662
14494
6334
18595
5555
14567
1541
6235
3885
8025
1535
13468
873
18292
3558
7476
16510
11388
11963
18177
13873
14441
16753
18487
17217
12267
13783
9855
17180
5834
17839
1899
18561
12855
18860
11715
17933
1599
13553
11632
11070
1306
19216
16602
2615
14190
10527
16878
2352
4368
19050
10523
7317
13753
3738
12569
13481
815
8965
18159
3670
17003
7976
92
14277
14556
8776
7737
9989
9412
17545
17338
17242
18197
4310
16728
6704
7590
17485
9185
748
4604
7442
9601
12357
18560
9861
17996
2624
4311
11226
709
11059
2354
8360
12572
5593
12909
3104
5760
9844
891
16392
9531
6213
5408
16460
8347
16832
3106
5610
48
8015
13917
19139
19381
16661
4801
4416
6572
4216
12157
11419
784
5697
9686
5197
18904
11923
6233
600
5212
10193
4142
16539
2651
19030
12476
5845
18672
5870
1769
18936
9263
1456
18313
13507
4042
8201
3275
13538
625
12514
8370
18530
18345
1793
8595
18915
1275
161
14142
19061
1322
4553
16484
10231
9988
16598
11666
14291
17588
11383
1002
13187
9602
12756
14110
7331
10908
6262
2433
2929
16628
8828
6363
9029
7518
6210
18273
12391
17851
4657
3290
6636
17044
11859
12283
4482
3634
5709
17069
18214
4491
556
3672
3551
10043
3453
9856
8019
14849
12903
13221
11530
18355
6588
5612
19300
18168
6123
9820
3850
14009
16916
12913
11211
14078
10754
14605
16576
1809
3150
372
6466
10287
308
11513
5850
8964
6458
5660
3524
7358
4087
14459
1532
15752
6068
2363
18729
19347
16469
18663
12108
17682
12475
6713
11050
6555
12321
16800
4938
4292
14186
14379
2438
10718
11191
19355
4566
12149
3134
6738
13610
14079
13558
10401
11575
12247
18741
12771
10295
5996
1609
13568
12660
14538
8287
11462
2731
13652
10620
14419
13330
3766
2680
12784
6095
1540
9842
9427
13765
3087
5181
4543
5782
3370
12029
12307
6577
18828
11618
18508
10911
13537
19134
12813
340
11810
3608
869
10028
18356
12138
13402
11824
9707
16141
17554
5917
17270
10013
3581
12617
18087
16880
19383
151
10992
11474
17449
2765
471
5728
15960
9092
11227
18567
14055
18156
15840
14475
95
6078
2261
5464
14208
2024
17570
674
6325
10208
3448
2785
1848
3974
1405
13267
11926
8500
13500
3848
3295
6960
5452
9040
4886
11219
16553
15738
83
15796
12340
7841
2589
13421
6680
6986
8207
12401
237
17201
3185
7047
14180
7792
1996
4013
17091
4493
465
14618
12396
5334
19223
8115
14397
2538
10545
12820
14472
8935
13572
474
5344
58
12726
17166
7138
5965
8098
978
3095
2077
3349
11034
16739
12573
17106
9576
19384
9633
13292
17860
13954
9317
12440
9807
3695
7120
11287
12479
8802
5132
11856
12630
11887
6040
7413
10212
14176
8377
3561
5589
2284
13200
8914
19301
13033
12447
19190
9159
16757
9414
17425
17261
1955
12000
740
7268
18863
13185
19177
12864
2279
8410
16920
15707
12536
11783
7400
14012
4713
13497
7457
696
2297
14290
9549
5586
1410
11821
14272
1217
7178
17882
4018
18696
8142
16707
12113
13660
14429
14104
6873
12637
53
849
11054
729
3955
7386
12948
4324
3490
9979
17584
18339
3285
167
1514
10163
19265
19023
11521
10470
11979
16169
7159
9798
3630
7453
12304
6507
4388
9231
5828
15471
14060
3972
19014
12257
18045
2530
9250
10180
6776
2767
11159
9344
5912
3699
13311
5089
4752
3546
1993
2137
19022
3910
8044
18835
19026
18872
4888
5636
7183
12200
12070
5772
2587
5732
18912
6511
8165
698
1649
6336
8272
2106
17353
11712
4892
10790
8695
18185
377
19058
1663
17382
11582
3278
7202
15288
2571
718
16705
5443
15387
5370
4621
4196
11152
12045
5649
1321
1851
11174
13733
10020
6754
17249
18234
14205
47
4287
18300
7230
1985
10037
13430
1968
7353
8079
19126
3807
16029
11969
19078
7469
18517
19146
5784
8425
3163
9729
4378
5302
1344
7836
8441
6437
1393
4076
12863
5227
2411
7663
7062
14255
3056
18369
13924
7863
3402
12265
18059
6421
17532
7017
15467
7011
4359
621
18522
9089
4458
8213
14236
2940
6641
1695
18642
13015
18969
5783
9069
17804
13520
5213
5794
16748
3797
2543
1861
10343
1111
9645
5617
7169
2093
2460
510
5046
6261
8701
11884
6132
7530
12647
13299
8646
1415
13886
18173
1232
18514
5785
12026
368
928
16821
1640
2317
12008
10730
10500
16077
12685
13994
18430
4716
13085
4625
1330
18786
10573
8795
4596
230
6838
4121
7330
8382
707
14151
10786
12325
381
10171
3235
10881
162
13848
7526
4827
17438
8082
11368
16027
9364
1292
7732
9995
17022
13440
12621
7381
12767
16861
10986
7892
6530
11303
15713
3355
14496
15180
9920
10510
12273
17617
12408
4474
17148
3292
4160
1625
9106
3884
1683
5067
7020
500
6277
8126
10059
18330
9900
9696
11225
9115
11118
5657
9560
19267
7635
17415
12491
6561
5369
8208
11072
3177
6719
9390
9276
8982
14616
2879
9389
3398
12664
14503
18372
12103
12921
13602
1722
12058
4002
3933
6016
1689
19000
1092
4086
3283
833
13020
11224
2924
4705
8981
13251
983
11235
10169
1433
2723
8239
16609
13838
6088
519
14260
3849
11918
9890
6183
8649
11959
5874
16031
3912
10447
1802
480
4300
2222
17763
12266
4314
13664
19112
15605
13084
1210
3934
10481
17281
7251
128
17213
405
16693
13524
12911
6142
11144
9780
19075
2773
8918
18744
926
12808
13626
5677
15
12386
18726
18295
4313
1116
8872
12588
5840
1872
2658
10978
2644
1191
531
8472
14370
18938
10437
6036
6532
6239
12493
3832
7547
4525
17787
8792
7122
5345
569
3332
2252
17320
11538
10788
4356
3664
4232
12287
6377
1386
15048
5185
17358
18628
16717
3642
1941
4020
7647
3740
4844
1737
18385
8939
14425
14016
13607
12253
2593
8543
7871
7434
433
13836
18911
5082
11112
11008
10668
19284
2927
8338
2583
9721
9538
12655
13573
1350
11641
8864
7440
16630
8597
1522
22
16770
17480
5628
7134
1450
7412
1365
5517
1170
16896
4422
615
8600
13834
14107
4307
12825
5141
12409
5226
9351
9151
2868
8747
8094
1221
758
14152
16020
8596
8261
1042
17451
1079
17436
6812
6087
6963
12940
9818
1278
6965
8491
10288
15857
10916
16776
16487
9397
18660
6243
15099
7193
11798
9557
2802
10582
585
6739
11509
261
10742
18121
6308
439
17363
1333
482
3757
13790
16930
16466
462
9513
8866
16030
9845
18109
11516
17002
12819
13737
9237
6964
8038
4284
16897
8355
13563
16935
2744
20
4965
16516
9907
11853
17848
18290
13438
4727
11042
17064
9259
16361
2059
6172
4714
17765
17886
9015
1561
8049
8684
5440
17431
1570
17362
17140
4926
3316
9902
11845
12005
1273
3463
2134
13861
18317
14445
1718
5787
17355
9880
17475
12461
10883
13773
1363
13295
10339
17858
17021
12983
3818
10532
17759
15758
12093
10631
16890
2999
14361
2477
10078
14612
10800
11536
2152
11637
16820
8254
1139
596
329
11535
11357
6157
15483
17746
17547
2405
2591
12410
9909
18097
3214
10654
5084
2720
6540
1559
11095
10273
6093
6891
8842
18855
1804
458
7031
17367
6341
43
10257
2912
17723
18175
16857
13748
6720
18225
14249
13720
12517
7895
2373
3145
523
12722
9430
173
18673
6506
4645
18343
13747
13739
7705
1166
2316
14390
1994
9671
4550
18732
14011
3438
11013
17889
5441
268
18134
359
8070
8773
5297
5645
10841
4542
5668
4078
13279
3911
15637
9604
17756
8632
5039
2068
17638
12602
1983
12258
14034
13898
17254
2539
14352
7640
5193
7727
12297
8917
6274
1676
5848
9785
6186
5966
5409
1235
9911
13147
9986
18438
1947
11900
423
4265
12814
6897
432
5393
18849
10269
19260
4561
8447
12405
11168
11311
492
4698
11895
6452
4452
16520
19121
6225
15472
9764
19101
19207
6889
13408
4513
700
3014
9803
1256
309
12041
3329
5537
7426
16035
7328
8394
3300
278
10456
73
18423
4115
2496
6161
8704
6606
6992
9221
16404
1731
17256
19255
17108
7242
5088
233
17564
11571
18670
7618
6683
13231
13051
6019
6730
10513
6146
4380
18491
17239
16737
3542
10583
13224
7927
13262
1575
9245
10024
1740
4243
9196
12747
10682
11103
14091
12748
11888
19098
6020
5903
11603
2738
11364
17680
14431
18762
13219
566
3902
1752
6436
13115
2121
14366
5036
14463
868
821
14500
8856
14438
4672
6372
15508
535
7823
17770
18500
16559
11473
10566
8242
15724
9175
12604
6134
10567
9779
8030
13637
11433
17986
7723
8838
5546
19094
16478
488
11680
1694
4082
7601
16960
1741
16472
6386
9574
2503
6193
16360
10501
10022
2991
9872
13681
5488
3034
17406
4095
9504
17968
6037
2595
18631
8989
16430
17324
14282
13879
17593
9176
4269
2668
16742
11438
18209
8564
1279
13158
4769
19194
5882
17783
6894
8611
11487
13636
1075
14725
9972
4429
1265
12011
7764
6926
16353
4824
11480
5692
11254
12415
2748
3440
11271
16689
5970
9082
4644
13810
5497
3485
7758
11599
13070
19356
4024
11735
1264
13305
7325
3880
12153
8815
16871
11629
7725
8443
2623
18348
924
13701
13650
5837
18512
13465
1464
2686
13815
7295
3590
16603
3633
14024
14621
16348
4583
10833
5242
1247
9027
5943
1285
9573
8745
7999
5548
4075
9356
1112
788
16699
8188
18637
7926
1791
13462
5403
17614
18687
13547
2753
1107
19042
8728
5632
16910
18198
570
1214
18229
554
19013
10055
2282
1966
9866
5263
14322
17870
14105
6584
3527
2917
11841
6839
884
5055
16917
17744
9101
8180
11659
721
6945
7812
9668
11043
934
1884
13806
19176
19221
14061
17133
16690
3518
6924
10047
7124
9375
6329
18946
9269
18029
11958
10559
417
8769
12207
2698
19123
11572
13970
11258
16342
14318
10489
2109
2300
1392
4804
8046
13526
4104
3148
7535
8886
11207
5171
13527
17263
11989
10297
7000
4616
5806
6273
10084
5034
11355
6469
18888
8148
6915
10977
16954
1839
6651
5234
12628
14466
5962
217
4085
8471
6278
14295
15485
9699
9056
6405
7373
4433
2432
15854
4737
14301
17218
13729
10749
12926
14145
3233
2096
8489
8105
6887
13606
2809
6297
8553
8339
17062
9937
6237
9870
11698
4440
4044
12020
15482
9009
7188
2688
8755
858
11644
13623
3394
11261
12537
7893
1617
11339
13110
17974
10819
3874
10192
4740
2510
9179
2383
16926
15951
3922
8332
1525
4404
5023
10731
17099
7786
8
10414
17332
12694
2861
11771
11764
13574
2944
8905
4290
10017
3556
2179
2209
15582
9134
16982
1059
16575
11990
4444
12513
13242
3649
919
17534
5007
12454
5352
17245
17799
7997
12716
7576
1249
2758
6846
16480
10114
6756
2906
8580
6814
12272
8406
3048
6605
6290
11389
14134
10686
9422
14462
766
9384
19369
11259
11594
16657
11150
14135
14368
17718
17413
4896
9552
6882
5083
8033
644
6522
12681
1091
3263
4425
17666
258
10679
7968
17556
2262
19033
7619
13458
19234
13169
15759
7064
7866
18304
860
9975
12334
8055
7560
7065
7743
1918
17252
14376
1815
16785
4763
17272
1076
10255
11279
13400
9225
7932
18228
8161
9586
11171
3121
1052
1097
14949
8525
4660
3572
12769
5960
4836
10770
7807
13196
14313
2191
5706
6898
6352
7053
8754
2777
5049
4756
9852
12618
18793
7327
1035
14530
6504
2541
6650
7851
8995
2656
14609
18248
765
17728
2277
328
1870
10170
4375
4369
9741
8738
6022
4520
16322
9387
4545
4573
5237
300
7756
1024
15269
1234
7267
17486
3253
12965
9939
12768
10254
7410
284
19162
10964
3873
18738
11562
14460
6565
3149
17575
11801
3897
6591
18050
7343
8196
4993
8663
6149
10741
14169
5274
14054
8853
2963
12697
7552
9934
11886
187
11605
13368
6110
557
778
3229
4875
3303
16328
3730
1823
4390
4821
13536
18781
5395
6324
9660
333
7094
16867
16563
16552
18730
9323
18360
10097
13819
16847
8054
3936
16442
8087
16844
12236
5508
13591
16358
8136
451
18307
616
5353
2146
16846
13296
5404
5528
2226
2876
14402
2201
291
9612
6671
5421
1394
1242
7306
4546
18120
15185
8501
1421
12068
10459
11855
287
17
4500
16378
1538
9261
120
6165
6618
2798
17137
5769
15211
10352
10243
15687
18947
1915
6447
9404
18604
3005
8264
262
3919
6975
2337
4650
4045
13959
10570
11693
7226
10394
6834
7401
6136
6194
10709
7028
16942
12124
10666
9789
11542
8403
6597
3320
13561
8275
13396
3539
17861
18708
7080
13363
12482
2725
3854
5100
16850
10016
4268
17822
17693
2046
14848
296
9693
16965
9572
15548
171
16318
17184
5835
7621
10340
4354
12471
12830
12164
6460
19193
13960
15055
1780
2343
9594
16450
2243
3377
11892
9924
19242
13498
8522
12311
18332
1408
3949
17292
6575
17393
13489
2440
93
13131
6886
6872
5367
13821
4040
15946
11762
9469
15202
1455
8650
5064
13649
13702
18195
14116
5749
3996
18535
7909
5701
2844
5999
10892
17401
6985
17961
18426
8244
12845
8921
6100
13687
14276
14636
6901
1281
5319
18578
17301
5224
14408
467
9315
3879
2540
3958
12721
9473
3711
19183
4027
9962
9485
18905
11447
3532
12955
5592
2781
16752
19278
2757
2627
15522
2672
9004
828
6085
816
11269
1156
473
2608
11580
13791
9745
1725
4560
11358
16506
14493
7123
3731
3083
17290
857
1771
6403
19118
14250
19279
9294
459
895
12114
7972
4330
4779
18316
13286
11510
10278
2386
16712
2290
715
9108
3777
12894
11686
9369
4677
5698
3643
921
11461
8824
11937
11126
6431
7649
5351
5407
794
8750
14520
18467
922
2287
2839
315
10205
140
11251
2443
9581
18703
13699
18820
3830
14793
18084
477
19372
10412
12483
13320
19034
3179
3142
7979
3753
10371
9804
18731
8368
11934
104
9634
6817
11468
18218
805
12177
3418
2532
2710
13466
12554
7876
507
334
4486
1587
17000
8013
7984
10321
12085
4808
12795
18145
4479
1181
8135
12487
10307
16599
18267
2298
11869
19057
2536
1150
7175
10787
13289
13543
2476
395
14486
6121
3339
16555
9180
11349
2420
13011
12932
12816
14554
16990
532
17378
18777
8919
5923
16662
3956
8928
6723
13845
10539
16994
1937
6435
3167
9931
12315
8844
13189
19056
13566
2324
3397
4254
1885
15351
17894
18471
10909
706
3862
18271
11208
12364
13866
8192
1745
5767
14098
1578
9289
1669
12346
17625
17965
13204
1303
4146
7495
11102
7525
1257
927
17867
12263
6558
5681
5600
11098
6162
8150
543
12400
9670
1074
4509
16373
10152
3192
2291
598
8518
1318
400
13780
1518
8630
4124
7861
7816
11920
13191
9357
19044
11984
11307
11707
8103
5729
17442
7456
10203
4004
1855
5626
9097
11776
13837
15581
10199
10774
11273
8487
12971
1165
9814
10380
13167
3218
6107
18590
8798
8931
13280
7171
5169
8143
9019
8510
3828
6677
18376
12214
18301
12422
588
16385
10126
3052
10623
13095
1271
7259
5000
13892
811
16845
14058
4874
12335
11413
13142
8727
3358
11400
6483
411
726
11305
8436
13951
10834
4524
3158
6012
12228
14315
16706
1358
2328
1635
10853
10727
12350
9288
2258
7826
637
16819
12002
3262
4046
14613
4917
2900
12163
3340
69
7814
12568
2450
9354
5417
13265
2036
1814
19102
9558
4319
1800
7470
12230
2500
14416
1670
13833
13554
12942
6983
19032
17788
2202
16873
10706
2295
607
7467
1627
12418
16674
1880
17979
2729
17027
11437
4681
18630
8097
3058
12213
17156
8657
9001
219
4997
15970
13199
18897
4656
8961
16389
720
6505
13192
17964
17600
6702
5478
4946
3800
2885
1926
7387
18647
3478
6082
72
9957
6608
9141
16543
8513
13905
497
1129
8749
1577
19008
8709
203
7168
186
11180
8413
16581
8797
17737
2081
9425
11459
3318
8189
18579
7498
3434
17054
10936
826
17669
9222
678
16508
2701
7865
7724
13793
5979
9509
11417
10478
9539
1555
493
1901
13827
3808
6166
7431
18889
18864
5602
16784
13143
10924
12330
18282
5354
9140
1326
14046
8469
13614
17793
12678
5596
9043
4721
6335
11745
15910
14470
10235
6137
10550
1536
113
14550
3870
8329
10975
16798
7882
3080
6828
3721
16548
522
13243
14417
10367
160
3501
5209
2303
14517
4286
6244
725
1204
13166
13484
3914
9717
17869
4670
19390
11548
11491
18601
9062
1989
1448
3625
13310
13986
16521
4764
1504
16876
8293
1817
14069
3755
6673
627
18833
3345
3985
17171
2474
5160
781
19322
7484
17051
11205
10896
7715
13034
9373
605
8323
4951
12317
1821
12044
17595
15604
9078
7312
8926
4506
8807
6497
2162
5223
7602
5682
17010
18997
3423
4628
7355
12347
11568
16457
3795
3770
142
3565
7642
13479
16887
10119
3409
5757
853
19167
17277
6106
1182
19003
4278
2914
12631
17906
13254
8140
5569
15925
5980
9208
12024
2374
13207
17349
11660
18546
15096
13678
3459
9300
1520
9396
2288
18391
4191
7572
19195
7511
7392
5247
5781
9775
5496
17293
12152
12460
12580
7384
5455
2600
19228
14524
468
12038
10410
10032
15252
11377
15346
4372
3651
356
12431
10945
14418
4757
16557
13855
5595
17395
12425
16363
19336
12122
4145
8031
76
10801
2677
1467
10451
7550
8247
18698
10931
10585
18807
17390
7073
6256
17226
6379
19392
4496
798
571
13690
16396
732
5308
17206
17092
15931
4119
10140
9461
10644
3707
17959
18349
5004
11245
299
19122
3890
5937
2286
14094
12430
9367
18809
1843
16577
11476
10301
16998
2825
9702
2108
2547
13099
14257
18502
9372
11755
3971
7832
11062
3530
547
17613
16080
16750
12994
4748
7540
6922
4564
10064
19291
685
13324
2280
16262
17536
14945
13552
17774
11282
5802
14118
17626
13112
10617
17833
6644
4715
3895
6569
10027
18030
2950
8152
4094
11876
5467
8337
2763
13647
14456
900
11380
16081
13338
18017
15370
11994
8267
10098
7930
8374
17760
4344
2692
4305
13416
18459
5896
9903
7747
14004
4384
7961
13556
13149
2306
10603
2956
13281
7393
11221
16768
4239
11021
18819
6361
13582
8870
13723
7753
15952
12135
10357
1340
4612
11690
12675
9329
2880
12650
12368
14513
7263
15852
6482
13391
6746
6640
19048
18470
7092
4711
2484
2749
8861
12881
5562
1445
965
901
2330
9252
3846
3017
1136
2717
930
17528
8430
12480
9371
16380
14482
10448
14471
5400
17364
17892
6957
7714
19359
16810
4964
6869
18486
13811
19067
17685
115
19076
9236
8011
17738
3330
8592
6064
2857
13771
994
2531
14386
241
12366
11359
6954
446
2052
4296
12590
11816
3819
8178
11392
14362
7875
521
8884
17344
18562
18057
16579
4568
903
9614
773
18944
16423
2907
11449
2186
8615
2986
2145
3596
16648
7734
10349
12268
9160
12968
98
8688
8633
11826
3004
3421
103
1146
1315
11917
13217
4022
1167
7675
1317
4840
9503
12523
10667
1612
8211
11665
12484
1618
7262
12281
12436
9758
1015
18371
9452
10052
19365
3645
8944
6865
11779
17240
15712
4349
14275
1693
11203
13920
9816
479
2642
1009
255
12840
4218
8237
15791
3671
3002
12402
7302
14979
9524
4306
13331
7019
18883
7915
4244
9314
9952
7125
11648
7899
11381
15950
19070
11040
18602
8822
8012
13967
3465
18331
3585
17229
2130
1085
2613
8117
1220
18655
775
9605
13944
7828
45
4835
9731
12150
9125
17664
6972
12561
5978
7940
4139
9117
6962
7245
17506
12889
5135
17467
9327
7042
10179
5486
864
13705
4398
131
17776
11374
13381
18259
11539
834
10614
4247
14027
10676
10232
16556
10905
2947
17234
6130
13228
7086
7937
13448
19199
962
11685
12086
4605
12116
9499
18563
14010
12302
10123
9609
18200
14382
16467
11578
7234
4820
6770
6378
10678
3893
3640
11552
18328
8279
11246
16700
5273
6585
10665
4565
11684
13562
7795
2553
7191
3487
8251
9588
13385
3244
7694
17407
1759
16765
2585
12661
18135
7082
17101
135
5928
13539
11595
18785
9234
8736
15693
5033
1879
5454
2643
17437
2586
19178
6583
4122
8550
124
9622
9392
17492
1565
17826
11382
18293
6772
13998
17176
16438
4707
7039
17260
9895
10411
4758
13022
14590
4867
1263
17821
5550
14086
684
18823
14936
12227
883
17628
19348
638
9928
19259
8053
18713
7746
13506
8344
7118
8579
18989
18616
2819
4854
6427
6798
3414
17421
19254
1999
9240
17112
13002
9339
17033
4445
8234
7140
17483
19256
4633
9083
8057
16944
19346
17603
1602
10991
10993
19119
6790
7016
8018
17587
7501
7672
5125
4945
12915
10734
12344
3212
12526
5347
3042
17227
12862
17514
8383
16558
8120
13775
15797
12956
7449
16723
6912
8085
4710
899
15090
2864
1913
9665
1451
1675
18782
6465
941
3881
4971
3604
1385
867
17916
13102
182
12586
17052
17802
5779
18174
7095
18982
252
11955
7272
4948
13629
8072
3801
8393
14820
1201
9847
705
10842
9401
9324
2488
6135
4898
155
4552
12560
365
6613
12081
892
6319
15312
10265
17926
9512
9562
8527
16652
4503
7874
8483
12931
6509
17160
18816
10521
8841
1096
221
18974
14285
9113
5736
13414
14626
13047
5294
12365
13601
4107
18873
2962
9191
8074
2161
15246
13353
8218
6055
269
16882
7567
6648
7824
5487
17551
5065
10149
6232
11046
11661
16337
13030
7656
17248
17291
8269
18770
11512
18894
10355
3493
5711
11493
17335
10935
14478
1115
10105
14662
12545
19304
13711
8697
13899
19276
17359
2603
9563
2400
16390
16922
12183
2200
18219
12996
5094
6027
4818
2842
9796
19236
12354
1418
13058
13003
5378
8719
11402
10104
13679
12490
18818
7958
4098
19060
9193
13425
16635
12231
7367
8642
7810
14243
6632
8315
11950
3220
6184
12288
18390
107
6396
9564
3347
15380
17006
11873
2425
12999
3227
450
13595
5856
583
10591
13344
12271
6485
3840
9737
754
18525
11
8305
682
6579
10485
7351
12636
17040
11104
4389
7731
7335
15725
18715
15745
10174
16448
7639
10183
10188
6209
13312
3012
19021
3116
8206
19229
5143
17470
4652
11520
9747
14163
4956
8508
16797
7719
13580
10150
11429
2631
8367
587
13782
7395
7878
12972
10338
2681
13399
15955
2841
14100
9182
4208
2228
16892
4533
4528
3306
2302
19046
11647
5715
9398
11804
9597
17967
17482
18776
19364
17993
11293
12880
4673
11351
747
8424
2704
8925
1004
7044
8552
4357
8843
12705
764
4381
2379
7859
5405
19
17661
9896
14827
13
15734
1974
15810
17674
10571
18160
3009
14298
13297
2970
3783
9377
13616
6562
2182
5582
11163
6399
5073
1478
5077
18208
5579
1909
7798
5726
14485
7279
4060
8814
1605
7319
15382
11187
18728
3502
1325
6450
3173
2527
7141
8185
6314
87
1528
7332
6576
10122
4415
13710
6301
4995
6299
15313
17825
16372
513
16589
3564
18279
14896
10002
11555
13094
6761
757
442
6654
1679
10533
7006
4906
7054
5447
8820
14480
4834
5527
4409
12800
10427
14029
11394
4301
18350
6295
2913
540
10146
14108
7622
553
2671
11232
10195
5044
14892
12757
16745
1831
3627
16675
18318
17460
14294
13781
916
9929
8295
8253
5058
10926
7066
16482
16779
2360
12067
3599
4534
8330
17076
18712
7952
12711
11741
28
14211
1388
11376
12982
12039
9051
3516
4031
1497
6937
10561
17915
19331
9251
11663
5390
6818
4431
3380
6976
1359
3927
19073
4551
7058
9416
12786
11343
19072
3276
5380
10483
18643
14154
16612
2131
18043
12465
14492
8183
6140
13055
4784
5103
3094
12101
12785
18633
2242
8867
4911
18722
1776
7430
18941
3841
12589
6251
17529
12411
9109
8110
18683
5152
10305
17198
2601
1651
4745
11466
12474
1207
12929
15916
10334
12201
2390
3888
10540
7023
10423
18887
1736
2871
8419
13364
5700
267
1014
8492
6931
6430
9514
1760
16530
17113
2471
9365
5747
3713
3931
11404
19093
1267
13104
15431
9688
16697
9270
14192
13965
10388
3742
12193
6127
578
11276
2381
9227
18447
5831
2422
1347
19001
17392
8009
808
17389
7610
1588
8986
1940
13881
19286
6665
10647
11622
5559
1274
10604
14473
17422
13565
14089
10376
9168
7490
8369
19115
6930
2556
17385
14139
1835
8626
1834
7493
1586
4277
183
11583
13144
1950
10007
1699
18095
354
16606
13209
17095
12798
6559
8282
8640
12098
9806
7152
18016
641
2018
9157
12423
3861
1434
3342
166
6547
16726
10645
19111
351
14970
2894
6998
4890
243
10142
3999
6081
6748
9353
18902
3015
6258
13540
8772
9321
12004
16308
9643
5216
3969
6481
13345
12575
7951
2217
11133
18565
13726
8220
5952
12345
3813
17606
10776
13740
16338
18618
19007
11567
13932
14187
2509
5420
577
3717
6463
11085
5503
8391
10923
3646
13622
17735
12584
8303
2457
9860
15729
1138
18117
14333
10930
16073
8514
6156
3618
16489
9190
3155
8006
18520
4448
14047
16970
4992
17177
14506
6604
10902
12023
1486
7301
12719
6735
13608
1858
11138
18383
10507
18086
17510
10375
3989
19168
5857
1080
6499
10989
5268
5375
10207
9421
3084
16721
18052
3417
6905
12060
5050
6517
9202
9672
10700
9348
5205
8664
11317
7214
13808
5026
7100
9203
16532
438
10655
8063
894
12139
15541
1539
12224
19371
6333
2434
16401
17604
16412
712
10211
9011
18165
15538
624
8757
6899
4358
6061
