1401
1400
1398
1397
1399
5719
1395
1396
3222
14004
7392
705
10695
4874
12006
13132
4049
3972
11887
9182
11885
11888
11941
11940
190
10544
10694
6933
11942
13131
13212
367
7420
14376
3530
14243
14087
5340
3527
3526
3525
5341
3529
3528
12717
13327
13215
14374
6369
7102
503
2275
13656
9695
2274
4163
13325
1640
1641
11585
11586
11587
11588
1634
1635
1636
1637
1638
1639
11873
10686
2216
2215
2214
2213
5595
2212
9052
13260
7095
2218
2217
2331
10594
4079
4080
2329
2328
5514
2330
8490
13608
5818
5819
7781
7277
11820
5711
5712
7278
13324
5713
419
9032
9033
4822
4824
4823
4825
6010
10704
6061
8342
9005
7783
4918
13322
9597
7710
10771
11756
7709
4990
4989
7707
4466
7705
10378
12097
4785
4786
4784
1725
13934
1726
1727
13930
1724
13487
1728
13935
8903
9464
9465
12551
9469
9645
8950
685
6784
10680
4263
2794
714
2791
2790
2793
2792
11790
10268
7184
4604
4605
7225
4664
4201
4662
4663
5089
5901
11529
9487
259
260
258
6404
7334
9644
7219
261
12352
12570
7729
10718
10719
10197
9507
14300
10825
7468
111
110
6552
5935
5936
6386
6387
6175
12125
9518
12126
9516
9517
6383
6384
6385
12115
597
5301
14303
596
12353
1027
1028
1235
10494
12389
1232
1230
1231
1025
12388
1233
1026
5381
3048
5403
6740
5380
5379
607
608
10196
479
12484
480
4405
481
14086
12067
1147
1148
1149
1150
1145
1146
10993
14084
10996
14116
10994
10995
4519
4518
7414
13139
4517
10302
10303
14397
4521
4520
14061
9156
7297
10741
4413
3135
3134
7303
4392
11971
11973
9177
4106
8961
13493
14273
5149
5150
4897
12071
6455
12696
6454
6453
8795
6451
888
12099
6116
2251
2252
2253
2254
2249
2250
9296
2255
2256
1316
1315
10508
1314
1313
12040
11084
1317
13103
6585
10177
7928
4342
4343
877
631
623
11467
11469
11468
5315
11470
11473
11472
2145
9136
8210
2146
2147
5540
2148
2149
2150
6818
6817
6821
9139
13345
11491
5155
10121
2449
2448
2447
2446
2445
2444
2443
2442
3317
3315
1851
3318
3319
12916
11489
1850
1849
5530
8067
7155
3705
8063
8064
8065
8066
8214
11589
1412
9178
4254
1411
12441
8937
13413
14097
4216
14167
14168
12233
12234
5038
3428
12232
3426
3427
14171
9343
9905
6327
10783
12108
13203
1409
388
8591
8592
12508
4406
9638
11590
13108
6242
1514
10410
5252
8686
10032
5539
10031
10125
13109
3268
3267
3261
3260
3263
3262
3265
3264
3266
5611
2843
5610
4356
5613
2844
12075
5615
3063
12332
13861
12331
12334
12333
12299
13860
13859
13858
6929
4747
849
850
2841
7363
793
3067
7447
10126
6996
6997
7838
6994
8932
4756
7836
7837
7834
9723
7835
7213
2381
5596
3801
13181
13804
6003
1277
12
6928
1273
1272
1271
1270
1276
1275
1274
6002
7487
7309
13011
7489
10647
7486
6141
9801
9891
6824
295
8326
208
207
300
10604
58
8231
8232
5597
9007
11389
9006
5431
4078
5430
13184
6301
7525
7526
7524
6300
5432
7520
7521
8181
8182
4929
7235
692
5177
691
5178
10012
10013
10014
12295
9402
6825
9403
13236
8255
5512
8254
8259
8258
8257
8256
8260
9183
8398
5513
13202
986
10774
8059
12864
10664
10844
8923
11336
9965
1191
6118
4871
14100
4347
11892
7393
121
7961
122
11891
144
7958
7959
13187
7956
7955
7183
7957
8929
14101
13875
7462
6180
5298
5297
11175
11174
11173
8942
11319
5810
11317
11318
11321
8928
11320
11322
366
12733
12169
12728
6165
12166
12165
12731
12168
12167
500
501
13466
10356
13463
4183
4184
13459
9560
13461
13462
10578
11600
11601
11599
11597
9121
11595
11596
13148
13149
9030
9031
5140
7431
2336
2335
2334
2333
2339
2338
2337
2341
2340
7097
9596
4065
14341
9028
9027
7360
6326
11384
14175
11054
9806
9805
3898
9804
6978
14173
13248
4821
14172
6946
1600
1598
1599
1603
1604
1601
1602
1605
1606
14344
14343
13247
6655
2065
2067
2066
9262
9263
2064
2063
7691
7690
5649
5650
2069
2068
7697
6287
5849
13111
4966
5751
13940
5744
13942
13943
13944
7201
12554
10802
6792
2803
2802
2801
2800
690
2799
10549
2804
14345
12591
10185
10186
8889
10183
10184
10180
10181
10182
8154
5090
4658
14278
11644
13845
4656
4657
13029
13027
12497
13028
13030
6399
7336
10079
6372
6397
6398
4726
4727
10472
9726
10753
10729
9725
6252
7933
12316
13244
14348
10806
8135
8151
9092
754
12130
14349
753
12090
5116
12129
8132
1013
1016
1014
1015
8740
1017
1018
601
864
9373
10058
11023
3856
12401
8684
7118
8149
2989
2987
2988
2985
2986
2984
3042
2982
2983
9309
588
9119
586
587
5765
4383
4384
10304
92
7706
10493
6549
8301
13127
14024
5022
6101
13130
13128
7304
8801
4388
4389
7114
6074
314
11951
8863
11949
5588
9118
11950
8148
5753
35
36
1354
1352
6148
12664
9257
2724
12665
6458
12666
12667
12668
1351
9258
2245
536
2244
2242
2243
12892
2560
2559
1309
2556
2555
2558
2557
2622
2621
2620
2619
13933
11509
5071
11511
9859
5072
5220
4234
12541
13932
4313
897
3959
9154
3958
4312
895
896
13931
13330
13329
13331
8787
4142
13332
13334
2112
539
13501
2111
13500
4143
2114
2115
2460
2457
2456
2458
2459
7199
8078
8076
3305
3306
3663
7370
3662
3303
3304
3298
3299
3658
3301
13936
4977
4978
5875
8548
14054
11351
10333
9737
12445
14362
5991
11146
5989
5990
14360
14361
5139
8363
5663
8588
8587
8629
8508
5662
6623
1506
13717
8477
6622
1504
1503
13711
4587
13715
13378
4588
1505
13377
10384
10506
11164
12722
5640
10505
13609
5580
12329
4812
4813
13278
13374
13796
11340
13794
13793
10902
5606
13844
11339
3813
13850
12949
13798
13797
7353
11341
12341
7061
7389
8416
8415
3750
12337
13826
12338
8417
13121
10903
11163
853
852
851
6670
5581
6836
12967
7322
6835
9264
10900
10372
9662
9769
11768
6140
8551
9265
12523
6637
9193
7669
12086
5358
5850
9991
296
10310
11160
6783
12569
421
6781
6492
6491
6780
12756
6760
7100
7534
7003
7536
5356
10457
4927
12083
2898
3874
3840
3839
3493
8829
9214
8206
4244
9215
5631
7226
14246
8247
8246
3351
8245
8244
5325
8242
10987
10775
7227
11641
3349
13078
8703
3491
7869
10838
8792
8791
6117
12529
9841
10702
12924
8691
11900
11899
13283
11713
11168
10937
11167
11166
4901
11138
10936
10935
12183
12739
12182
650
651
12184
649
11311
5408
6716
10788
2904
2903
2906
2905
11137
5374
2907
5407
13478
549
5528
13477
9913
13475
13480
13481
2737
2738
4157
4158
2736
2734
2735
4908
5668
5669
5670
6631
6630
5671
5828
5672
6405
6629
5829
9794
13575
9793
9830
10705
9833
13286
4067
9946
13288
4068
4069
9083
365
8968
13282
9862
9945
9026
9025
4321
1957
1956
1958
1955
1954
6215
1960
1959
10737
5171
1616
1617
1613
1614
1615
1878
1879
1611
1612
7676
7784
7675
7674
7678
11742
7677
7782
9084
386
7680
7679
7789
7788
14421
9762
9800
9266
2077
2076
2075
2074
2073
4964
8835
8836
13163
13952
3575
3576
9155
1750
1751
1752
1753
1754
14050
14051
5688
5684
5686
5685
7466
5687
2811
2810
2813
2812
10193
2814
10191
9785
679
678
10834
10198
14138
4672
8689
5094
4674
4673
11425
9148
8825
12655
5259
11018
14285
14288
12654
14289
14290
14292
2418
10724
5925
10259
10260
10261
10262
2419
6414
10264
2420
13032
13058
9422
12793
11681
11263
8561
5629
12010
11262
10562
4729
5627
11261
5628
5995
11260
12877
10516
244
10059
12134
12133
12132
245
11822
13199
13550
12601
12124
12397
1009
1211
1006
1007
1008
1208
1004
1005
9410
348
828
4983
12476
6684
11371
6680
6681
2975
2976
2977
6683
9079
8460
9835
9988
9987
11078
4381
13549
5884
6547
5027
5026
5028
6038
11533
10369
11958
11956
7299
11960
11959
12795
4905
4904
4903
4112
11370
4113
8138
11531
13581
5867
5868
39
40
9551
10366
12680
12681
12564
12565
12676
12677
10382
9587
6438
6436
6437
5292
2547
2546
2545
2544
2543
2238
575
5538
2239
1340
9269
9197
1337
1338
1335
1336
1339
11373
10280
13583
11792
11503
11500
7620
11502
9271
11496
11495
11498
7053
627
3957
14063
11598
11368
11759
13585
2466
13517
2465
2464
2468
2467
13512
11647
9143
2469
13318
13317
13316
9144
11812
11863
7198
9714
9413
9302
3650
5391
8097
8098
5390
12831
6804
1234
3647
8096
3648
8092
8093
3649
12945
12444
2682
12273
8185
10957
2686
8934
5993
2687
8672
8376
3049
10784
5334
11862
2126
2127
2128
2124
520
2125
2129
2130
13507
14403
1787
1786
1495
1494
10952
1498
12446
10442
12913
10810
1895
8680
5136
13508
5760
3905
3244
10346
13749
3243
3240
3242
3241
14471
14472
4808
6895
4807
13781
13780
13783
13782
6782
14148
13784
8262
1891
7355
1892
55
12425
4332
12423
12422
12421
12448
11152
13284
9961
9962
7160
12426
10727
195
13504
8613
11151
66
4385
10278
93
6072
12450
6953
11834
659
4277
288
13552
289
9378
10418
327
7547
7545
6303
6304
6500
7548
6305
6502
7552
7553
5541
8188
694
695
696
697
9661
10292
13138
5855
3917
5568
14003
7408
5567
5031
9616
5940
3932
4294
5939
5954
5953
5938
14245
11893
6171
8513
8403
5915
6172
6173
8404
6571
8729
6026
7413
9003
124
125
6123
3169
3168
3981
3173
3172
3171
3170
10433
3174
8908
8907
10446
14062
1107
1106
1109
1108
1105
10945
10944
10946
1111
1110
10948
11556
12751
647
12222
11794
11553
7640
11555
12748
900
898
899
4574
7099
11576
6715
6714
2914
2913
10247
2912
2911
173
11998
10905
10904
13432
13433
10317
12528
10907
11972
14244
6084
4348
10887
5675
8809
11974
12963
6006
5516
9698
180
5517
6052
11282
11281
11280
11283
11307
11308
10894
11306
13342
6217
8518
12065
9969
416
11928
10425
10763
12070
1872
3483
3482
5833
3484
6950
7994
7993
1867
3485
11580
1868
1869
1870
1871
7025
9102
7671
7772
7771
382
7668
7768
7670
7766
7765
7667
7666
2087
13611
2084
2083
2086
2085
14417
4961
5745
4231
5153
9575
13614
10831
11185
9576
3588
7350
14038
9692
14040
14041
14042
3587
3586
9693
7330
4839
6452
13613
10160
6772
2821
10162
10163
8507
6769
2818
2820
6770
2819
9756
8690
4671
6208
4668
4669
5052
4667
12544
13535
12935
12457
6412
9050
6278
6411
1403
9729
8621
1402
9730
6253
8563
12531
12532
9051
8741
8828
7272
7271
7270
12060
9370
791
842
223
2827
9521
12411
247
711
12137
13538
3779
6050
12102
8987
8986
1219
1220
1221
10057
1222
1223
867
9244
14082
832
10523
10524
4502
12726
4404
1178
1179
1177
10871
1181
1180
14078
1182
8464
8465
12724
10465
12503
1783
12720
12721
14053
12177
5210
9557
9556
12143
12178
6532
5977
5279
5278
13598
168
5280
6785
30
31
32
10391
606
6447
6446
8782
5870
8660
5871
3001
3002
2999
3000
6668
3003
6667
910
5364
10383
2573
2575
2574
13597
2576
5294
5293
2577
11069
10897
5762
879
11860
624
880
7845
11858
626
10612
7840
7841
7842
7843
3956
4942
4941
4028
3955
876
10286
10144
4883
10145
2474
10146
6677
6922
13474
6921
2473
2472
13652
3679
3680
3682
3681
13651
3683
3684
9713
13654
3081
3080
3079
10435
5353
5389
1417
5388
5537
2230
2229
1418
6189
2231
6279
2232
13594
8418
9138
1703
1702
1705
1704
13344
11534
13084
9137
5994
6615
13992
11628
10590
13205
907
12976
12556
13343
10068
7288
13989
5336
389
13990
13529
6820
8390
5777
8389
13299
13302
6819
13204
13532
1993
13304
522
523
1992
3374
3375
3372
3373
8681
3370
3371
1798
1797
1796
1795
1794
1793
3376
3377
3255
3254
3253
3252
3251
12021
12915
3256
9103
2945
9104
3072
10120
3071
13864
13810
13865
10312
13811
11090
7124
4997
12579
12578
3073
8852
9240
9239
4855
4854
4355
9757
4755
7563
9660
13808
5894
8048
9771
438
11836
10575
3316
8642
4427
8783
13809
6004
293
5645
217
6816
292
4696
655
656
10452
4221
3812
9379
3863
11997
8290
858
5180
7568
7569
11623
7564
7565
7566
7567
6496
7562
6308
13897
3804
3805
3819
4559
9744
8910
7394
7056
4298
4645
8062
4299
9205
11764
5112
5113
328
422
6356
6570
6030
6031
9585
6032
10684
9208
12473
3163
5838
9606
3162
3161
10915
10914
10274
10916
10918
7128
8911
9565
3843
1098
1097
1096
1095
1094
1093
1092
1091
1090
1089
643
644
12120
645
901
2888
2887
12081
2882
2881
2884
2883
2886
2885
13449
6054
4154
13444
12403
12927
4123
13445
13446
9831
4906
9832
10849
9630
14329
9165
9825
4056
14181
10688
9060
9061
13623
9329
9166
12959
5924
13555
11303
11304
9212
7497
8970
349
6313
14330
9731
14346
14347
10764
9761
2673
10529
13635
14170
13634
13632
13633
13630
13631
1904
1903
14350
7427
7428
14169
7979
7978
5676
7980
7983
3476
7984
13626
3475
3473
3472
3474
4260
11913
3893
7751
7754
3759
7756
7755
4261
9760
11232
14466
12870
14465
6070
14464
12007
11231
14025
14026
14023
11910
6334
14027
14028
11908
14029
13580
6093
6092
6237
403
3545
3544
3547
3546
3548
14381
3550
3549
13012
13013
4269
11650
6977
10829
13006
13007
10639
11814
7146
6976
1594
1595
1593
1592
8827
9779
6666
10167
10168
10173
8505
1596
1597
9655
5257
9488
14308
10710
5254
5255
4594
5054
4595
8688
10329
10330
10328
10687
8566
8567
251
10731
249
250
248
13629
6558
1405
1406
1407
5622
1408
14006
5621
14008
10311
6559
10563
456
12638
12303
12304
9454
9889
9453
9888
11049
8156
3777
8155
5119
1196
1195
5238
1198
13522
1197
5237
8984
834
9510
833
4415
8844
8159
10398
8161
13523
10401
13024
13023
7703
13025
7704
13520
10066
9020
63
6226
7596
8144
8143
7595
7594
7593
6531
9646
9328
8146
12089
752
10895
751
750
7698
2769
9395
740
13519
322
321
9376
5873
12305
5872
12374
5146
1359
7440
8661
10363
5326
2713
11655
728
729
2995
2996
2997
6671
6672
6673
2716
10896
4882
2568
4880
4879
4881
2566
2604
2567
7424
6057
4525
7857
4524
7179
2717
5068
13074
4526
12521
7858
3953
13946
13945
7546
11850
7202
11848
11849
10576
5187
10805
6923
3671
3672
3670
6321
5502
11075
11073
478
2370
2371
2225
477
2226
475
476
573
2224
11654
11653
11652
1695
1694
5612
1692
1693
10881
1691
1690
14218
6611
12891
14216
6614
14215
7549
9767
7076
7077
6775
7078
7079
8634
5614
13607
5788
10533
13545
13390
5785
13546
5519
5787
563
1769
919
10795
6776
13697
1762
1763
4116
1765
1764
1767
1766
3218
3217
5715
3220
3219
5718
3221
3223
1064
7189
4325
1065
4798
4796
4797
920
4799
4149
4800
4801
10411
11159
14039
10207
6194
13386
12220
10919
47
10920
48
10923
3481
10924
11839
6209
10922
806
6849
6848
12409
12408
723
12406
9247
9246
6846
9248
6847
10359
6911
6912
13857
8628
10766
8823
9497
10509
8822
10439
11334
11039
5170
12085
13526
8631
7242
6812
6813
6811
10178
4275
11037
4708
4746
13806
13803
13802
4710
4709
11100
8233
8234
6589
6788
8229
8230
8228
9380
10175
9440
11729
9439
13083
9069
8355
6255
3824
9747
4925
2167
7839
12761
149
3486
6995
14229
14073
3930
3929
10251
12757
10645
14233
6319
8912
3487
12376
6351
12377
6352
3150
14391
151
7867
5460
5461
115
3152
3151
12552
3788
6247
3787
2968
2969
9875
14390
914
10926
10270
916
915
1078
1077
10553
1070
1072
1071
1074
1073
1076
1075
8329
2897
2896
2895
9218
4026
4025
4024
4023
7135
508
14388
507
4907
6125
8720
6126
6127
8774
9834
10571
10443
4061
9826
4060
2421
2422
11057
11056
4084
4085
4082
4083
5471
11058
181
4086
2423
2424
182
13638
5501
7423
12158
620
11298
6644
619
6643
11530
11297
8534
5557
9270
5490
7488
9836
13073
2679
2680
2681
4181
2683
2684
2685
4353
4179
4177
4178
5228
5227
4180
3460
3459
3458
3457
3456
1896
5080
11614
14441
1893
1894
1890
3462
3461
3641
3640
8023
8022
4333
3638
3637
8018
3639
8021
8020
8019
10585
2104
2103
8472
2102
2101
9094
3562
3561
3560
3559
3566
3565
3564
3563
11811
3568
3567
6085
9696
9697
6086
402
10341
2118
7040
8855
10792
10152
8503
12254
9782
11728
5057
6022
10406
5907
6269
6270
6021
11066
10723
14318
14317
12863
14316
14315
14314
7736
7735
7734
7738
7737
7740
7739
9992
5173
11270
9783
11065
13159
2428
14364
10732
2427
10495
12786
3701
3700
5835
460
13993
461
1414
13991
1413
3702
1416
1415
12297
5695
843
844
845
5694
11266
5697
5696
11268
9895
9897
9896
9899
9898
4644
4643
4642
4641
3794
5104
14420
10824
87
12117
86
1199
85
84
1576
6966
252
10875
7216
9017
9654
7995
59
10416
7581
7580
7582
7583
8160
7584
7586
7585
10463
5637
2774
2773
2776
2775
2770
3781
2772
2771
11087
5207
6932
7005
10308
11089
6931
323
8663
8662
8664
6494
8958
11548
8957
10266
10265
6639
8184
11549
6869
4401
730
4943
7522
1349
13082
6527
13080
13081
13079
1346
10250
4368
1347
1348
7865
7866
6647
116
4532
4531
4530
7868
4529
4528
13120
7391
11868
10799
9359
11637
9540
9164
10837
11710
12023
11977
11976
11709
7708
7633
6663
12488
5317
10882
4885
11377
5386
5385
12790
11708
5387
10309
12155
12787
12662
12789
12661
12153
12154
534
11045
10060
12019
2366
2367
2603
2602
2601
2600
2599
2598
11091
11092
2362
2363
2364
2365
11636
11382
11381
11639
11638
11380
11379
11378
8669
11376
11375
11731
5338
5337
526
2162
2160
2161
2163
2164
13813
13736
7085
164
6924
13739
4101
4100
8394
5783
13737
5135
14295
13738
14461
3440
8485
10676
163
5004
9813
527
3233
3232
3235
3234
5782
4790
4791
4787
4788
4789
4748
9324
1682
1681
1680
1679
1678
6961
8837
1684
1683
10543
9073
7027
8170
7164
8529
9243
8169
2025
6210
2024
12413
10591
8172
8528
5807
8171
1778
1777
1776
1775
1781
1780
1779
10487
1782
9099
9615
5705
5893
9496
9184
4273
4272
11786
10546
4274
4218
8094
6805
4704
5051
4703
4702
13360
4700
10712
4701
9437
13050
13049
13048
855
10560
9436
11305
9738
9739
3827
3825
3826
335
10843
99
14409
98
334
343
4551
6245
10449
10448
12407
5943
5942
5941
13228
10450
8915
8914
13123
233
232
8601
10874
5307
7695
12361
6265
12358
12357
12356
12355
13223
12360
9699
3143
3144
3145
10434
7298
925
1056
927
926
1061
1060
1059
928
930
1063
1062
8427
8428
4442
11080
7307
8433
5032
5033
3130
4398
12218
12219
5794
5793
10357
5494
172
5792
6056
12216
6055
10721
9838
10683
6484
9323
6132
9322
9837
7960
5473
5472
11890
9325
6051
9233
2410
11271
2409
11969
11273
7196
11545
11543
13066
11541
6155
8335
8334
12602
9219
621
8333
8332
8331
902
903
11126
9274
5172
9363
1921
9360
1922
540
1920
5860
7254
2653
4352
2652
5927
2654
2655
3444
3443
8009
3445
3446
8003
3448
3447
3450
3449
11798
8011
8010
4058
4057
3986
3985
3984
4336
4059
3987
5571
9844
7354
10876
6421
14257
12210
12209
12211
11172
12213
12212
6330
11171
7139
401
8636
10340
8516
8618
8719
8895
8896
6272
8894
8893
4601
8718
5059
5060
5061
4598
4599
5058
3205
8274
11859
12418
8892
10386
3206
7376
6653
9242
221
7728
6901
6654
7725
3891
7727
7726
7722
7721
7723
1429
1430
1431
12414
1428
12545
5331
12310
462
13984
13985
3698
3697
9874
9873
9872
9876
9505
783
782
14052
7449
12998
14258
7324
7145
12996
12997
12994
3900
11857
82
5103
3919
8491
8492
4485
654
12732
4483
4484
4980
253
254
283
282
14311
8751
10865
14241
9657
12727
9014
9015
9382
12730
6294
5362
8114
5204
10540
7742
8110
2562
8108
8107
5205
2563
4465
744
743
2766
2765
2764
2763
677
11176
10573
3878
14259
909
8654
6462
148
908
10631
5755
6587
11475
11408
4944
731
7720
13088
13089
13090
13091
7404
13092
13093
7405
10655
7192
10613
7879
7880
7337
11864
7875
137
4536
7878
7877
8811
12944
8899
12900
8898
5234
8768
8767
12774
12775
12772
12773
2870
2869
2868
7156
13464
12313
571
10194
2359
13460
4370
957
954
955
952
953
950
2614
11103
8081
11101
11102
11107
2762
958
11106
11400
11399
12242
12243
12244
13339
11630
11392
11394
5312
11396
11395
11398
11397
12456
3699
7445
13976
13975
13336
4134
162
13337
12899
14429
13981
4373
9295
4887
4886
4372
4364
9766
4096
6555
4097
9682
9683
9680
9681
9679
7385
9684
7048
11804
9812
12962
2540
2539
2541
2536
2535
2538
2537
5492
2542
1666
8546
1668
1667
1670
1669
1671
10748
8667
7023
7022
9043
2009
2010
2011
2012
2013
2014
2015
6840
6842
6211
10082
10490
4229
3524
3522
3523
3520
3521
3518
3519
13664
13663
11737
1530
1531
13662
13661
5702
5703
8073
9091
8072
6803
297
6890
6001
6892
6891
8068
10245
4694
4693
4692
4691
7241
7
4695
5985
5984
6734
14145
14146
5037
10864
13057
7206
13816
13818
13817
4859
4857
4858
6985
13059
8356
667
5105
4556
4555
4554
5106
11984
8498
3792
13554
10517
230
229
10782
10781
10780
766
222
14424
8917
5809
12463
12370
8083
330
12369
445
13639
8723
8736
815
856
13977
857
97
3860
3861
7301
2960
2958
3138
2959
2954
5367
3139
2955
9568
9567
9999
10000
936
935
10002
19
5831
10004
934
14392
4915
5949
14323
7101
10690
7287
884
4121
13191
12533
5757
6749
5758
29
12453
28
10750
6482
6523
6481
6480
6479
11242
11241
836
5464
5466
5465
12452
2651
2401
2402
2403
2404
2405
8532
12454
7904
12543
7438
4292
4293
610
2663
2664
11134
11136
4153
5847
2662
5209
8381
8380
12461
2665
2666
13421
13422
14359
4350
127
5383
3436
3435
3434
3433
3439
3438
3437
4751
7846
12878
11010
10804
8834
3189
14459
9346
14460
8487
12875
6328
11772
5992
6329
393
11929
374
12201
12200
11886
12198
12204
12203
12202
1931
9474
10337
359
10338
1854
1853
1852
6271
12056
3203
3201
3202
5575
3768
6650
8198
13604
5576
13568
3767
5143
9656
13751
10456
13753
13754
13750
1440
3924
1439
1438
1436
1437
3728
3727
8857
3723
3722
3724
3726
3725
12306
11043
9882
8007
11044
777
778
779
780
781
7523
12647
4831
7323
14442
12648
9768
10709
77
5101
5100
10541
9038
9037
9039
9040
9041
7066
13036
7652
7651
5656
13037
6656
7646
7645
7579
7650
7649
7648
7647
12008
8153
11734
3809
255
277
278
279
8008
8152
9261
434
5651
310
309
8150
6510
8127
9068
12087
8124
7570
8126
8125
11797
14056
9659
6297
8130
7693
11796
4284
2757
7692
699
698
7143
5638
4589
11519
4285
700
7694
2756
2755
4206
1499
2751
2753
2752
2754
11434
10047
703
10049
10048
7052
741
9552
2761
11433
8701
824
9520
10423
8753
12481
8752
12359
10373
10424
4542
4541
4540
4543
1365
13100
13099
4544
13101
133
1367
132
12660
5127
13939
6576
5274
8759
2489
12246
12138
12139
12814
12815
12140
12141
12817
10986
12819
6320
639
10460
5351
14214
5372
4407
2862
2863
2864
3053
3052
6192
471
472
2351
2352
968
969
10067
970
2609
2608
5853
6935
7106
2611
9173
4044
9172
9171
5659
636
635
8362
14077
7290
7289
9592
8469
10352
4135
4136
4091
13356
13355
4092
13357
11255
14322
8977
8976
10666
11156
7037
1057
8848
924
11256
10807
5224
8432
5225
929
9167
1058
12335
13361
11410
11409
1660
1659
11153
11620
8429
1656
1655
1654
371
13200
1658
13188
1657
13262
6213
6212
6845
6844
6790
6902
13263
2052
2053
2046
2047
2044
2045
2050
2051
2048
2049
9712
9651
9086
8515
4226
10080
3510
14267
3511
3512
3513
3332
7197
3330
3331
3328
3329
3327
9108
6881
6880
7308
6882
7478
6883
7477
3763
3762
10547
10234
10233
10232
10231
6801
10237
10236
10235
14455
10072
10240
10239
13443
6800
8832
4687
4686
4688
13055
10796
14160
732
14157
9960
9791
4856
13045
7007
6987
6988
13044
5727
8575
9736
12522
8574
12288
12290
12289
12286
12285
5815
5091
12482
12291
5699
5726
5700
5701
12767
218
11673
765
12768
764
14277
763
8610
8922
13870
13869
8608
8918
8919
8609
8921
7069
14235
7068
14236
7071
7070
10525
14237
823
9864
822
821
820
819
818
817
5914
12829
12770
12771
7175
7223
6160
12581
7881
5036
12495
12919
5951
5952
4429
4428
4430
1688
14383
171
170
12012
27
325
4910
9748
8960
5320
5321
5366
5454
6474
6475
2388
2389
2387
6930
11008
2392
2390
2391
11012
11011
2393
2394
11034
11249
11033
11032
11357
4248
614
615
8315
112
8313
8312
616
617
8310
8309
2924
2923
2925
2927
2926
2928
2930
2929
9224
3950
4013
4893
11144
11143
4349
6942
8383
8384
11141
4175
3631
3630
3629
3628
3627
5750
3632
8033
8032
4063
10925
11675
8028
8029
8693
4064
6063
518
517
11755
3992
9603
9279
4967
11674
10697
9280
3596
3595
9431
3597
11459
11460
3598
11458
7200
11824
5410
5343
5342
5409
9283
1937
13577
13574
10355
1939
1938
1941
1940
1942
9115
9116
13578
10451
8550
12592
1547
1548
1545
1546
1543
1544
1541
1542
1540
4331
6618
6617
6599
3194
11274
5724
12514
5722
3193
5723
8808
12499
4165
4164
10725
5579
5578
3712
3711
3710
3709
13764
3713
13763
3714
13761
13762
13759
13760
5920
9799
13595
7362
12973
6073
12975
6968
4832
12978
364
12980
887
10070
7349
9293
4833
8858
12782
11544
72
73
9058
5910
10656
4495
535
8357
8658
11760
4496
10743
6897
12505
13068
7451
9082
273
10489
3808
272
8519
3873
854
5882
3872
12112
6257
11945
12128
6515
6296
6516
6514
709
2745
2746
9390
2748
2747
9548
4584
4585
5098
4583
10475
4582
8457
4586
10572
11711
7533
3875
7138
12599
7532
10504
12598
5962
5963
5961
12600
6573
8739
7529
14140
11095
432
431
9391
11874
6488
11872
4549
4548
8776
6541
6542
4547
11125
9362
7530
3962
3963
11806
12270
12018
5124
5126
5125
8366
1290
10296
1291
1292
1293
1294
1295
12241
8761
12150
9273
12623
7927
12797
12146
12148
10618
12147
886
2860
3057
2854
2855
2858
2859
2856
2857
9926
8449
6583
5772
9927
12114
981
977
978
976
14398
980
979
4047
4048
9174
161
5523
11915
5524
7091
12077
5996
10632
4141
6678
4138
4140
4139
3044
8974
11053
8665
6786
7119
6311
6676
12540
11607
9686
5222
2307
2308
5482
2303
2301
2302
2305
2306
5369
2304
12511
13195
13196
13193
8005
8838
13192
11612
7426
6159
13197
7949
7950
7951
7952
7946
7947
7948
5998
11416
11415
7953
7954
12439
5585
2036
2033
2034
2035
8163
6834
12442
2037
2174
2175
5857
8373
5862
10122
1806
1805
1807
9855
1809
1808
10088
10089
10090
10091
10092
10093
3339
3507
3508
14260
13165
7344
7345
3334
3335
3336
3506
10601
3337
14256
3338
4830
8948
8947
8817
7239
7238
10221
9633
9634
8949
11693
11692
4683
4335
6342
11696
13170
11698
4681
4682
9591
5981
11050
10785
387
394
10501
14118
14119
5707
5980
14121
14122
8573
8572
6047
4864
6981
4863
1456
1455
1458
1457
13966
1454
1453
1460
1459
13967
6338
12279
5816
12278
102
101
100
8722
12276
7386
9948
14454
9448
9447
841
8612
9506
238
10674
762
13878
13877
11763
13879
13881
13880
6906
8347
13376
8999
9000
7072
3884
4920
7926
7365
812
4481
8946
4479
811
4480
10716
14320
8422
10859
4917
8421
4435
4436
4433
4434
7313
21
13566
8401
5007
5950
12438
10675
5006
8867
12483
6581
8864
25
3857
11780
5151
8964
3858
9542
6465
603
10478
6133
6466
10672
10673
2931
9524
7971
2933
2932
2935
2934
2936
5451
5185
5452
12563
11025
11841
11602
9326
11840
2377
2378
2379
2380
6926
6927
2641
2376
13140
13141
11842
4511
13142
2
7962
4012
8321
8323
8322
10801
8345
4396
6723
6722
6721
10555
4889
6
7255
7256
12882
12881
12884
12883
9075
12879
3599
3601
3600
12886
12885
9632
6065
10339
3993
8694
129
10438
6064
6185
515
9703
8559
9704
12904
9433
9432
5418
9434
5344
5345
7111
7113
7112
9123
13617
13618
11150
11149
4169
10794
13620
489
11776
5545
1560
1561
6604
6603
6602
5827
11324
1553
1554
1555
1556
1557
1558
380
3186
3187
3185
3190
3188
4328
13572
2020
3890
5005
4166
12416
4167
12419
10699
14451
13724
13467
6839
7021
13723
10691
10808
787
788
786
6567
8644
14327
4600
6974
9150
4753
6975
10414
9291
9290
12988
13703
12004
9047
8053
10832
13702
12897
7619
7618
7617
4982
12586
9523
7616
269
270
12467
4257
6718
3834
12100
5741
3833
11785
5903
5883
9367
3868
10412
2624
2623
12702
2554
704
9361
2553
4575
4576
10997
4577
13659
10630
7401
10856
5743
11508
7724
6417
8700
11510
13911
14083
439
10086
8747
12351
8859
440
313
8746
8756
6545
5361
118
10087
5123
8643
12489
10819
8447
13380
7471
8448
10112
6578
6577
3960
10034
10033
9415
9416
13696
10030
3064
3065
2845
2846
3068
3069
3066
2842
9547
3070
5393
10318
474
11807
14067
14209
988
989
990
991
4877
987
992
993
13951
13908
7696
9623
4039
7285
11905
11234
11565
10840
11235
12311
11907
13333
12613
9141
8770
12611
12610
2113
10473
12615
12616
10755
551
9310
6275
6225
6312
9311
6223
11035
2723
2722
2725
1353
2719
2718
2721
1350
12034
10587
2727
2726
1355
1356
11799
13216
13217
4236
12632
9459
869
870
7941
638
7939
7940
4338
7938
7937
7936
553
554
2165
9877
2166
6662
13245
555
2168
2169
7168
6837
13249
4354
4225
9096
11856
7243
11935
3492
3348
3494
3495
3489
3490
3350
12701
9707
12555
3352
3496
3497
14248
14103
14104
10830
9196
14096
7346
14098
14099
10314
7347
14102
8077
14423
12952
13280
4278
12951
13279
10835
12995
4620
4619
6204
4223
11937
9982
4222
8082
14133
14134
14131
14132
14137
8079
14135
5979
14139
8080
11683
11682
6343
10786
13919
3302
14144
3661
8577
8084
8578
8579
8512
3660
8300
5305
13920
3300
1448
1447
1446
448
1445
1444
9450
9451
10512
11993
10513
7361
5327
774
13921
11938
6894
772
9941
9942
9938
9939
9940
773
7059
8614
3770
3769
5806
13047
13917
13891
13890
4744
7067
13171
9442
8343
9443
4923
4922
4757
4862
9608
8344
10813
8763
10866
1126
1125
9600
6150
1122
1121
1124
1123
6037
6461
12494
6291
6292
12493
9643
2831
2829
2830
2828
759
9029
8705
724
9392
326
9765
12912
5756
8966
12561
7374
9371
24
10652
9808
10345
10823
5456
5457
8810
6317
5355
7281
2943
2942
2941
5354
2944
9985
9986
7422
6925
14070
2646
8289
8291
10603
4506
12386
8293
8292
3837
5632
4021
9610
4022
9206
9207
8407
8930
8931
9621
4936
7125
4935
12221
6110
9717
9688
10667
3612
130
12871
3608
3607
3606
12868
3611
12866
3610
3609
3997
3050
12238
8695
3996
11047
488
11046
8724
11048
513
512
514
6187
368
8840
11933
5424
11220
5423
5422
1608
5546
491
490
9120
7109
5547
4114
10535
2692
7443
2693
4115
4150
13602
4117
11162
11161
568
10354
11158
11157
11337
3324
3323
3322
3321
3320
11333
7380
12961
10855
3181
3182
9106
10698
13524
8604
12587
414
8845
8871
6013
7265
6829
6233
10399
9286
9287
10726
5174
4834
5486
9284
9285
1571
13658
1574
1572
1573
11512
1575
5164
12340
9090
11041
8586
10717
9048
10319
7635
6868
6353
12084
7629
7630
7632
7631
7634
6568
12535
12626
12534
3831
13735
3740
3739
13716
3738
3737
3736
3735
13741
13742
3742
3741
7804
7803
7802
7801
7800
3751
7798
7797
8112
8174
8173
7806
7805
11722
4286
668
5213
8111
12458
7148
6263
13710
6264
3796
3949
11753
13714
12274
4568
4569
14377
13713
10720
4625
13712
4567
4626
12506
5928
11520
10115
5926
2276
12622
266
6422
6423
701
8788
746
8499
10521
12109
9348
5132
745
12379
4357
6735
5360
12029
3784
9347
1368
6951
7261
12055
7260
9425
9424
10417
5277
13067
9349
2964
10041
3850
10042
10043
13959
13685
13370
3077
6691
3074
3075
3076
7132
7900
14401
2962
473
13684
7895
1003
1002
1000
1001
998
999
8777
9013
13846
13162
13795
5081
13848
8794
11932
13847
11227
11228
13792
11225
11226
11931
13791
8979
8980
6162
9169
8981
4245
4375
12644
12645
12646
6536
882
12649
12650
12651
12652
5216
9315
9314
5217
9313
13849
1361
1362
1363
2492
1364
2710
1366
2491
2490
2707
2706
2488
2705
13211
13397
7364
357
13209
13206
13207
13210
3973
4303
3774
4040
4041
7921
2816
7922
7923
7924
7925
6761
13261
5859
2198
2199
13265
13264
13267
13266
2192
2193
2190
2191
2196
2197
2194
2195
9098
6756
10885
12339
10279
9711
7036
9853
14234
12769
12764
13276
12765
12766
3363
3364
13277
3359
3360
3361
3362
13677
12836
13275
13272
11736
10190
6274
13270
14402
13676
13271
4608
4607
8818
11676
11672
11671
6196
4609
5050
13531
7028
13160
6344
12253
4999
6664
13506
5000
3888
12939
10744
8524
4998
8576
1480
11793
452
5812
12269
10095
1475
1477
1476
5306
1478
1479
9932
9930
9931
9928
9929
9668
9444
12066
9933
7325
6286
5096
6916
13896
12837
9072
4924
12191
7367
12080
14228
10614
7157
4988
4987
8992
12193
8993
4761
12460
4762
4763
4764
4765
4766
4767
5905
95
8762
5906
14225
12574
12491
12573
9650
9649
8875
10811
11062
7338
13221
13060
7465
9966
757
720
13971
756
13061
13615
13790
13970
9372
12571
5455
9545
3619
9544
10315
9983
9984
6109
10396
5975
5974
7191
8299
622
5633
4516
4515
7180
4018
3943
3942
3941
9201
4017
6078
5241
9574
4939
5242
5087
5086
5088
6112
13119
13118
10462
12859
12716
10436
5349
12712
12711
131
7178
12715
12714
510
3910
511
8466
8467
11042
2629
11705
5244
11040
10981
10980
891
9430
11279
892
12776
3088
5133
3086
5131
5130
3087
7436
7437
7435
11680
7434
9071
9749
13371
12906
5548
5549
5801
7295
8639
7108
13372
13373
2531
12926
4363
10536
5856
4145
4146
13458
11347
11348
10138
11345
11346
3765
11745
9789
9790
9753
157
9752
3
13220
10798
7019
9802
7063
9803
12451
9351
9352
6827
1991
9059
10137
10136
10135
12524
11770
10139
8553
12477
1586
1587
1817
1818
1816
1585
1584
1815
13835
3659
405
11761
7599
7598
6854
11522
10671
6855
4976
4975
10611
13065
3386
13456
3385
3384
14018
12550
14016
12553
3388
3387
14020
14213
13612
7815
5739
7816
8598
8597
14410
3909
956
4627
1714
9231
4207
4208
11110
10427
8455
437
5960
7140
155
9216
5959
12504
951
11845
11104
13408
263
9065
12596
10008
9229
12235
11108
804
8215
11815
11105
7535
12272
12597
3866
8217
805
6023
13414
7537
11120
5447
12027
13415
3783
3782
13416
10016
12614
10018
13599
1257
1258
10818
9420
1255
1256
1253
1254
8445
12245
11629
6139
825
12612
6690
4951
4952
11393
179
7123
6689
13593
305
9135
9381
8493
12950
6503
138
6504
10469
6526
187
11219
5477
5710
11922
11216
11924
11923
10847
5922
4102
7117
8866
14212
14211
7258
14022
6537
4010
5837
12631
12629
12462
8147
3037
883
12633
2290
2500
5531
2499
5845
2498
2283
3041
2284
2285
2286
2287
2288
3040
1372
5748
3039
14019
13246
1369
1371
2701
2702
7906
7907
120
5075
7910
7911
7908
7909
11669
11668
7912
7913
11665
11667
5666
3975
3976
4301
3978
5544
3043
10100
10101
8002
6751
284
10102
3429
4360
6062
5399
7029
5397
5398
12195
8243
8359
5400
6915
9217
9822
8944
8885
8943
8886
14354
1653
4615
11774
11775
1650
4614
10626
1652
1651
5737
10325
9445
12256
10500
10685
12257
2184
9055
5591
5590
2183
10776
9057
5592
2185
2317
2318
1466
1718
1721
1720
1717
1467
1468
1723
1722
6608
12266
12265
5330
450
6962
9917
9918
9919
11788
9920
9667
11706
7234
12934
6980
4820
4819
4676
10407
4675
13909
4740
13907
13906
13905
13904
9788
8996
13610
9251
9250
6284
9249
12395
4476
4477
4986
8527
4478
13226
12047
4866
4867
8495
10858
6259
10770
13387
4452
4450
4451
4455
4456
4453
4454
22
12585
9502
5250
9475
23
10642
11359
10888
13856
6793
9685
224
6794
829
6944
10483
12119
7211
11948
5852
9526
6415
10519
10078
9735
12207
12206
9975
6429
7398
7403
9974
7411
12518
6428
3939
5973
5932
5931
3940
5120
6251
4938
6382
10648
11847
6080
11946
10650
8737
10797
11947
6079
8545
12843
12842
6114
11846
890
12846
12845
12844
12848
354
6157
7154
9701
594
486
509
10267
485
10313
1161
1163
1162
1159
1160
10968
10967
10970
10969
2633
2634
2635
2636
12035
630
4345
878
9647
10387
14060
3102
3101
3100
3099
3098
7105
3097
3096
3095
13406
13407
5555
5554
13409
13410
13411
5552
14058
5553
8954
8471
12030
12053
13147
8851
6956
9303
9304
9305
3766
2592
2593
12685
2594
11474
8673
11427
370
352
11165
11428
11773
13565
6841
13567
12738
13562
13563
10530
9754
1986
10700
1985
1984
1983
6232
2240
10143
7250
9481
7252
7251
5848
8478
1827
8037
8036
8035
375
11358
8034
5730
1825
1826
7450
12185
8039
6859
13227
6857
6858
13569
8520
5653
6860
7609
7608
12486
10701
2709
4253
12096
12794
4670
3828
12558
4972
7018
14198
14201
9573
9388
3393
7017
14204
3392
3391
3390
14321
3389
14319
2515
9230
7011
7822
12971
6998
7823
6164
672
11679
8595
2785
2784
12992
2789
2788
2787
2786
6243
5406
8683
4634
4635
4636
4633
10503
2551
8183
13666
2552
13665
210
209
5507
8881
5264
13476
8617
10561
8749
801
802
846
7733
9482
9483
9532
9530
9531
9528
9529
12635
13755
13368
7130
1244
1245
13
1236
1237
1238
1239
1240
1241
1242
1243
13369
7209
12492
11979
8209
11980
14247
302
56
57
10306
304
303
8458
12799
4129
10470
10017
9009
13367
4159
6579
11199
11200
9421
5285
5284
12796
11201
11212
11213
165
166
5476
6889
8392
9132
8208
463
13328
8284
13465
5316
12308
6698
6701
6702
6699
6700
9190
9189
4007
4005
4006
2511
2510
12801
13326
2513
4190
2697
2696
2517
2516
4189
4188
4187
13498
13497
9145
13178
13179
13505
13180
11566
12798
11880
11881
119
4306
3964
3965
415
4361
3911
9672
14090
14089
10597
6236
7032
5395
12024
5394
2258
2257
504
2259
9970
8682
13285
14147
4337
12259
12260
14162
10426
6593
14164
11664
13980
6592
12832
7162
7094
8162
9583
6361
13235
2324
13237
2325
5508
13233
13232
2326
2327
13979
3292
556
6661
3667
1713
1712
13927
3295
1710
13924
1709
13922
9034
10809
7366
7352
9278
3894
7167
9908
3895
6519
10662
9663
8306
8303
10765
10640
4817
13129
4995
8653
4459
4461
4462
4463
4464
12678
6285
9252
9253
4782
4783
5732
8409
12747
8497
44
8496
11992
10757
7774
6289
12908
7463
12750
4267
12092
7335
715
9522
5191
716
5190
10445
7775
14071
10204
4197
4198
10201
10200
10199
6919
10202
12474
7306
3852
863
14469
13469
7776
6540
10371
6486
6641
11426
8570
4930
8571
6177
14389
4711
4712
4713
11218
5933
106
107
9856
9848
5999
5934
3946
11217
3948
3947
6375
13543
6378
10703
11921
12072
8924
8925
6214
1051
1050
1049
1054
1053
1052
12478
1055
5303
5348
12692
889
12447
12834
12833
3029
3028
3019
3018
3017
3016
3027
3026
10816
10815
10633
10349
10999
5768
577
9563
5767
10507
7416
7415
14396
1176
1175
1174
1173
4366
1171
1170
4911
1168
4035
4036
9158
12091
874
875
6729
497
496
3109
3108
6728
3111
3110
13400
13394
13395
13392
13393
4108
13399
13396
4107
4899
9689
6115
4898
9721
6207
6206
9820
11115
11114
11113
11112
11111
6229
1880
11116
1881
5769
12713
7425
7892
7891
11448
8536
7890
11449
1877
350
8535
7894
7893
7785
10376
10375
11746
12314
10344
7787
2438
1978
2437
7786
2436
9330
6268
14001
2440
2441
13470
1835
10119
1834
1837
1838
1836
6039
1839
1840
10117
10116
7248
10114
885
3282
3281
3696
3695
3694
2627
11367
6040
11365
11366
2626
12710
4250
4367
13801
5652
11750
10300
4973
444
4974
11036
286
6325
13770
13771
11714
11712
13772
13773
5044
5045
5043
5042
11716
5041
13173
14191
14190
1158
3400
3399
3402
3401
14189
3403
3405
3404
9772
7142
9066
4847
4846
4845
4844
12835
9773
11930
1516
2720
10845
1517
1518
5825
8879
8710
5721
10441
12981
13224
8711
13831
2502
5262
2289
13833
3815
12323
12324
12321
12322
8414
12320
10551
7833
10073
797
5681
7832
6738
796
848
5680
795
8368
3785
3916
12107
9527
7746
7212
1278
14088
8441
1279
1280
5236
5235
8440
13230
17
16
12816
12984
2957
7232
1370
13319
13402
10839
873
9124
2953
7905
2956
13949
9011
7505
7504
7503
7502
6528
7500
8186
7499
5889
13950
12818
5888
7507
7506
10413
12093
5439
5438
5436
5437
5435
5434
11207
11208
938
9400
937
11194
11195
9401
11190
11191
11192
11193
7396
13838
6464
4241
13839
4243
4242
8280
8281
10283
8277
8278
5323
8279
3977
8275
8276
2879
9617
2875
2876
2877
2878
4947
2874
4004
4239
9901
1393
1394
2526
1392
1390
2530
2529
4240
2527
12659
13137
12630
10003
6762
3969
9179
3970
3971
11884
9181
4050
6071
10195
2501
10803
6763
8902
12475
10841
6764
14437
10192
10883
6766
10099
3536
904
6765
7383
3534
3535
3531
3532
3533
10598
7104
7103
5404
12470
6362
4186
11499
2272
2273
2270
2271
2268
5529
2269
7302
10403
11583
7790
11582
11581
1633
1911
1910
1909
1908
1907
1906
1905
7430
6069
12262
5987
5988
9049
3886
3887
10327
2211
5602
5791
9129
9130
4077
2205
5511
2332
2206
2207
2208
2209
2210
1749
1748
9581
6610
9579
10617
1741
1740
1743
1742
1745
1744
1747
1746
10670
767
420
7406
8824
8856
10616
14286
13315
4826
10638
11757
6200
6199
14434
10621
7073
7074
7711
7712
9867
4468
4469
7713
7714
4467
7715
7716
4991
13832
9255
9254
13482
9256
1486
1485
12194
12936
12960
1487
5682
10515
46
5898
45
6636
5194
5193
9077
10379
5195
10263
713
2798
6777
2797
689
2795
2796
686
687
7224
13033
4736
4735
6546
6920
4738
4737
4417
9963
9485
7210
14123
6129
13479
465
466
13174
4720
8743
331
4719
467
5968
5020
5021
6553
5017
5018
5019
12566
10842
4291
4290
13995
598
599
600
10817
12384
12385
346
10584
12387
6349
345
9412
3023
3022
3021
3020
12922
12697
10365
12698
3024
10364
11838
482
592
6686
6685
6687
6048
7453
13560
10992
10991
10989
10988
10990
10566
1144
12526
13135
13134
13133
1139
1138
1140
8775
1142
1141
1143
3119
9426
3118
3122
3121
3120
6732
11962
11963
8364
11240
11961
8216
11964
9427
11243
4104
4105
42
13287
372
8951
41
13495
12825
9297
13734
9819
10133
8218
8620
13494
13389
5160
5159
5158
13102
632
11494
10159
11436
11492
11493
11437
11438
11490
13383
2132
5543
9341
8504
2131
5542
1973
9344
9345
6822
10134
2450
10123
2451
10124
5854
2452
2453
2454
2455
9140
10534
10127
6049
3273
6658
3272
3271
10646
3270
3269
1846
1847
1848
3275
3274
4346
8061
8060
12847
8133
8057
11361
13385
7378
8058
4255
9056
9107
8938
8820
8821
11521
3411
3410
3409
3408
14342
3414
3413
3412
7190
1582
5040
9846
8203
1581
398
6191
8202
399
1719
8589
10728
1465
14415
14414
8590
197
1507
5251
13496
1508
1509
1510
1511
1512
1513
12061
1716
9232
8204
7605
3259
411
3257
3258
12718
12074
9226
205
12330
6565
12328
13827
13429
13825
5805
13824
8456
1209
1210
13426
1207
11133
12398
6059
5660
14021
3799
3798
5842
6851
1268
1269
13427
6850
70
13592
1267
1266
69
5913
11135
7496
7495
7494
7493
7492
7491
7490
10654
7498
10
8375
13424
11625
11831
13053
11828
11829
11830
8730
6612
7161
12777
13423
9375
5887
6035
5885
13588
5886
12741
13589
8176
8175
8178
8177
8179
7517
8180
7519
7518
12948
6493
6299
11417
5179
13241
10956
7407
9405
10950
10951
9404
10953
10954
10015
8266
8267
8265
8263
8264
8261
5324
7410
7432
8268
9185
14207
4003
14208
4931
4932
4933
4934
14205
8399
10287
6937
6682
142
143
141
10361
123
9775
11889
8692
189
3621
8241
8904
3620
11186
11316
3622
11314
11313
11315
13190
8556
5401
12968
12725
5402
14412
12179
12723
14075
3618
12175
12176
6368
6367
9461
11139
12954
13910
12512
548
12970
502
13655
4185
6909
13473
13472
13471
547
5226
6042
13468
11808
11592
11591
11593
7812
6597
11594
7809
11704
7810
13151
13150
2549
6005
2342
2343
5510
7096
2344
10244
4081
8600
11906
7377
4318
8113
7279
9809
417
418
6009
4749
4750
670
1643
1642
10419
1645
1644
12580
385
384
7358
10409
10746
9259
4630
2060
2061
10467
7700
7701
7702
9260
2062
7699
10408
4262
10985
1732
1731
1730
1729
13948
13947
4233
5763
9468
11957
9466
5899
9467
12576
5198
4264
5199
9824
13776
2809
4200
10241
8888
10179
8887
2805
2806
6787
2807
2808
6789
12509
11038
4661
4606
4659
8109
4660
13026
13253
9486
866
10291
12205
6403
6402
6401
6400
10290
7153
10754
11702
10714
10713
5332
10715
5908
12317
12173
427
8744
4721
4722
12199
332
6390
6389
6388
6391
240
10863
6430
5115
1031
10660
11903
1030
1029
11901
8738
5302
1032
1229
12400
8635
14185
7399
3854
14057
1224
2708
1226
1225
1228
1227
6741
3045
11700
3047
3046
7120
11435
5363
590
5766
10336
13536
9996
1152
1151
8728
4382
12513
9578
8940
6551
6550
6290
12525
11405
13124
10061
13126
13125
6103
6104
13259
6102
3133
3132
3129
3128
3131
5008
3126
3127
11970
167
11968
12116
10471
11170
12672
12671
12670
12669
6457
6456
12673
8717
5834
8714
5318
10934
537
2246
2247
5498
538
2248
1113
6228
2615
2616
1310
2617
2565
2618
2564
1312
1311
2561
5162
11480
11478
11479
11476
11477
9858
12679
353
11481
11169
4340
10928
14353
4341
893
894
13338
2548
13340
13341
9142
13335
2144
2143
2142
8869
9294
2141
12188
2140
2139
2462
2463
7034
2461
6843
3308
3307
3310
3309
8069
3311
3312
8070
3314
3313
8075
8074
13040
6281
14355
9821
11558
11916
11557
13303
11561
9847
8936
4215
4214
4213
8547
12236
5333
3425
14358
7051
3424
3422
3421
14356
3423
6357
10580
8584
8583
8585
14159
8630
8678
8677
1502
8679
4593
4591
4592
10431
1501
4590
1500
5820
8645
13674
3764
9112
3904
10347
5804
13941
14263
13669
10388
14287
12336
12729
13851
13852
13853
13854
13855
10586
9958
13673
5001
9959
12073
14266
6992
6991
8358
4842
6993
10972
3752
3753
3754
3803
341
11501
5704
3802
7060
342
6142
11
11497
6143
12517
657
10189
7601
5647
10324
206
11904
5359
6017
12500
5619
329
5620
10020
10021
6151
8474
9008
7006
5427
5426
5428
5429
8211
7528
6302
5175
5176
6490
14430
11542
9513
4928
13518
3841
3842
6530
14291
13320
8248
8249
8250
8251
8252
8253
10628
8666
9554
10773
7448
9186
9614
9613
4001
4002
4295
12307
14309
13314
13313
10526
13515
4873
8870
11895
7970
139
11897
11896
7964
7965
140
7963
7968
7969
7966
7967
4308
9807
9628
12172
9536
4307
9627
11177
11178
11179
9569
12735
12736
12171
12170
12734
7397
11310
12903
12737
11309
6370
2902
2900
2901
2899
6717
14110
13002
6719
6720
14150
5525
5526
498
14149
499
5527
533
9827
14109
4162
4182
13484
13483
13485
10402
10568
3651
6595
5830
11563
5667
6594
11564
14155
5141
10348
7429
11917
10689
10971
160
12830
2350
13281
2349
2347
2348
159
2346
2345
3646
4066
8095
9595
12828
13167
8849
7042
8091
4320
9577
7375
4319
1965
1963
1964
1962
1961
7280
9366
11987
6948
6947
6949
5972
360
1607
1609
1610
6202
6201
7687
7685
7686
7683
7684
7681
7682
7688
6986
11727
2070
2071
2072
10955
11723
11724
11725
11726
6657
3925
4965
3926
3927
3574
3572
3573
3571
3569
3570
13958
13957
13098
13953
13956
13955
5693
8158
3756
5689
5691
5692
5690
6758
2815
680
681
682
683
6759
684
2817
5200
9784
4654
4653
4652
6024
4651
14125
3914
10187
4655
10188
14274
7203
14275
14271
14272
5661
204
14276
13346
6394
13031
6393
6392
6396
6395
6524
8780
6324
4724
4723
9727
4725
13038
8419
8709
12058
243
242
241
10593
12841
3780
12127
5114
602
11215
1020
1019
1022
1021
1023
1024
10276
12396
826
865
13153
3880
12858
5039
3855
8195
6675
12791
9511
3038
2994
3036
2991
2990
2993
2992
589
10063
8196
9022
10062
4380
4378
10305
4379
9023
5025
6548
5024
8648
5023
12226
4391
7116
4390
7115
318
319
316
317
315
11943
11944
4111
8649
320
10779
4902
5754
558
38
37
12031
11574
12686
13238
6460
10360
6459
604
12682
12684
12683
5506
2241
5291
13096
10269
11570
8463
7418
4235
8286
1308
1307
1306
1305
12788
2550
1304
1303
11513
8128
11515
11516
10826
11517
5073
9117
12088
1624
9151
9152
9153
11800
8671
1622
4310
8123
10527
2471
13510
2470
8393
2106
2105
2108
2107
2110
2109
13321
9146
11813
7673
4358
1497
1496
3297
3296
3669
8090
8089
3666
8087
3668
3291
3664
3294
3293
3665
5784
7604
11740
9594
11741
11338
14467
9639
14468
10800
6323
11697
12784
6239
6240
8935
8819
10880
7144
5335
12225
1164
12785
2082
11758
10343
10933
5290
521
1792
5735
1790
1791
1492
1493
1788
8633
8632
5781
5497
12041
13514
12914
6588
13718
13719
13720
13721
2507
11471
2506
3238
3239
3236
3237
13511
13513
4814
134
4815
6090
11335
5609
13799
13800
5370
13840
5608
5607
5500
7388
13201
12347
4963
5593
12343
3245
12342
8846
12345
7275
6089
11342
14279
10733
196
7276
10734
6043
10862
340
65
6044
9702
5129
5895
11894
9499
9498
5357
5646
658
9671
13516
5746
3814
8619
14230
267
268
5921
11663
7540
8200
7542
7541
7539
7538
8199
6497
6498
7544
7543
7147
5433
7004
10545
10258
12719
693
665
3816
12895
13412
14047
7055
9906
11535
6791
5630
8240
7141
8235
8238
8239
8236
8237
3933
8953
9611
9612
12479
7467
9620
8789
8793
13805
13052
3164
3165
3166
126
3167
11902
9776
8906
8905
14232
1118
1119
1116
1117
1114
1115
1112
5299
10929
10930
10931
10932
10927
1120
10158
12186
12187
11562
12189
12744
12745
5405
11559
10009
6318
14231
9411
11560
2908
2909
2910
14440
7597
6371
9062
13438
13437
13436
4160
13441
13440
13439
9064
8735
13442
13155
4161
14439
4869
4868
2733
10622
2732
4870
2731
12424
11898
5674
906
5673
905
9829
12854
7098
5142
12964
5271
9828
4070
4071
4072
12420
9843
12943
12240
10595
7181
5230
7137
6216
13603
10176
11573
3479
8531
1876
11568
3477
3478
1621
1620
1619
1618
3480
1874
1623
1875
12044
7672
6099
11738
11739
3761
3760
0
7791
7792
10332
381
14422
2081
5396
8489
13693
2078
9815
2080
2079
1760
1759
1758
1757
1756
1755
4962
1761
3577
3578
3579
3580
3581
3582
3583
3584
3585
14281
11124
10623
14048
13606
4837
4838
4836
4835
3901
9902
9903
9904
3757
10156
10155
10154
2823
10157
6768
2822
6767
5258
10627
7185
5093
5092
4202
7186
4203
506
14284
14282
14283
10891
9394
6046
14280
2294
8142
13020
13017
6413
13018
6227
13019
9728
8562
11532
13605
8622
428
429
6556
8420
11631
4728
5683
12869
10749
712
12131
246
748
747
8139
7876
3778
1012
3881
5843
1204
1203
1205
1010
1200
1011
1202
1201
4497
4498
4499
4500
4501
827
11721
9490
4403
7286
91
7133
9081
11720
12965
6105
9021
9989
8494
9990
9580
12925
13590
9558
13547
6298
11952
12812
5282
11954
5281
12813
6018
11955
13564
4393
191
4395
169
6149
12865
6231
8861
11245
11833
14399
11246
6694
6011
5869
6012
11248
11360
13570
2981
6445
2980
2979
2978
6679
6440
6439
911
605
6442
6444
9550
576
2579
2580
2581
2582
5505
5504
11064
11063
5371
11061
11060
11059
1334
1333
13591
4371
1326
1328
1327
1330
1329
1332
1331
11506
11507
881
7855
7854
7853
7852
7851
7850
7849
6707
7847
7177
7340
7339
10149
10148
10285
10147
10151
7253
13305
2480
2478
3054
2477
13310
2475
2476
3657
3656
3655
3654
3653
3652
9715
5586
9590
5509
12164
12163
11326
2235
2234
6188
2233
2187
6280
2237
2236
1706
1707
8933
5587
6193
11323
1708
8479
12229
12228
12230
9849
8207
5589
391
390
8205
2119
525
561
2116
560
13521
5778
2120
7550
2123
2122
5521
2353
13525
7551
9369
1799
1800
2354
14242
1801
1802
1803
1804
6501
5273
4323
7359
7049
6625
6624
3250
5714
609
3246
7274
3247
3248
3249
13503
10641
8481
4810
4809
4811
10760
13789
13788
7607
13786
13787
13785
13502
6145
2610
8454
13169
8453
11485
8452
12428
12496
12429
9241
12440
12399
12005
6746
11484
347
10861
13586
339
338
5911
7001
8640
9408
4174
10454
14338
10455
6896
11132
12502
12501
11837
3811
290
291
11327
13582
9374
9128
11518
13152
6219
3885
3862
8348
8350
8349
6307
8351
7560
7559
6306
7558
7557
13584
7556
7555
7554
9964
4926
7002
5181
4557
4558
12094
6076
9914
13122
10629
9911
3844
9910
9912
150
8402
14199
6170
6169
4959
4960
10772
14200
423
5495
6028
14202
6027
6029
5300
145
6121
14325
8772
8771
14203
9535
9534
10678
10679
3159
3160
3157
3158
3155
3156
3153
3154
10941
10939
10940
8909
7127
6246
10942
10943
1099
1100
1101
1102
1103
8436
1104
8434
8437
5373
12181
13653
648
10663
12752
5955
12755
11795
12753
12754
12956
2880
4155
10909
4156
13649
10910
11572
8473
175
176
174
13455
13452
13451
13453
10554
8967
10570
4909
4051
13648
9860
4052
4053
4054
4055
10848
7824
5916
6007
11809
10393
6008
11290
11291
5145
9759
5796
11285
12893
11286
11287
11288
4474
11289
11299
8853
11300
8638
8969
14046
11302
11301
1
13650
11569
9811
7689
10400
8377
12896
13641
9810
4752
13642
5231
7236
13647
13646
11646
9268
9267
1866
1865
1864
1863
8594
9687
12237
8593
7987
7988
7989
7990
7985
3470
3471
3468
3469
3466
3467
3464
3465
10738
3463
2091
2092
2088
2089
2090
5560
7777
7778
7660
7661
7664
7665
7662
5562
8378
10466
14419
5154
14035
6091
14032
14031
14034
14033
4232
12932
14037
11463
10668
7351
3542
3543
14386
14387
11464
3537
14385
3540
3541
3538
3539
13621
6283
4268
13015
13014
3902
7329
13016
8890
10166
7237
10696
8826
5270
10164
4666
5095
6607
11953
4665
4597
12905
5260
14297
7046
383
14293
14294
6222
10432
10740
14296
6410
6409
8564
6408
6407
6406
199
14000
1404
13998
13997
13996
5625
5624
4394
14002
7454
200
201
6561
6562
455
11575
9471
9472
5708
7267
7268
9456
9457
9458
792
11791
9455
3982
8370
5118
12022
3775
12135
12136
3983
3776
5117
1217
1216
1215
89
1214
1213
5841
1212
90
1218
12404
11622
10054
10055
8988
8989
1944
12402
10053
6582
11407
1947
830
13022
13021
4416
1948
8129
11648
1946
12371
12157
64
6158
1184
1183
1185
1187
1186
1188
8461
7215
11413
8860
12059
11412
6533
9816
6106
9652
13428
5212
5211
13189
9555
5976
14069
3849
33
6448
8785
1857
10949
6450
5295
12634
3004
12391
3005
3007
3006
12427
5503
1319
1318
1322
1321
1320
2570
2571
1324
1323
2569
10444
11070
7193
9857
13071
12016
13070
7310
12520
4523
7864
6619
11853
6441
4029
117
11855
7860
6443
6960
7861
7862
10947
10557
9549
9629
3954
9355
3685
3686
3688
3687
3690
3689
10657
3085
3084
3082
11068
3083
11067
5535
2372
2375
2374
2373
6190
2228
11554
10075
355
1700
1701
1699
1698
1696
1697
12464
14224
12180
14223
12749
14220
14219
14222
14221
10281
7082
6081
7081
5725
10342
14064
8395
13292
1999
1998
8396
13296
9658
13294
5776
1994
13297
8397
1997
1996
1995
5522
3380
3382
3381
7455
3378
3379
7458
1771
1772
1770
8365
13686
3383
1773
1774
3209
3210
3207
3208
3213
3214
3211
3212
5339
3215
3216
4322
6712
4806
4805
5003
14240
14268
13815
7382
7024
7381
7384
13431
13812
54
53
13814
3514
809
6146
12938
808
807
14269
4852
14270
6014
12437
4853
12435
9237
10906
12432
12433
12430
12431
12318
10610
9559
13435
8025
13767
6152
11504
6163
6153
6154
10331
7331
7848
5642
6876
5643
5644
6873
6874
6871
5641
4425
4424
4423
6877
4426
6815
6814
215
294
12057
216
4276
4707
4705
4706
6632
7476
859
3865
5890
5891
5892
10257
8227
6633
6067
8220
8219
8222
8221
8224
8223
8226
8225
3806
8580
8581
6419
8582
9533
3818
10812
4560
337
10238
9745
12942
3817
13144
5945
5947
14427
5029
7312
7311
12122
12121
10284
11832
14
3931
4297
228
5775
8514
10150
6168
6167
11765
13306
306
6355
10153
2479
152
13309
153
12982
8876
8773
3148
3149
2973
2974
8388
2970
3146
2972
2971
9133
5296
10911
10912
10272
10273
10913
11703
1087
1088
9994
1081
1082
1079
1080
1085
1086
1083
1084
2891
2892
6709
2893
9210
9209
2889
2890
9213
4027
9222
7441
9221
2894
646
8913
6053
14443
4122
9602
12515
14444
6120
6119
10886
8804
8839
10850
12966
11284
13576
5470
5469
11986
5468
12933
12593
13425
14158
14324
11540
11539
8972
8555
11538
11537
11292
11294
11293
9272
5803
5558
541
2677
2676
5481
2675
2674
9126
6945
2678
9125
7008
1897
1898
1899
5077
1900
1902
1901
5078
5079
3455
6952
7976
7977
3644
3645
3642
3643
3451
3452
3453
3454
4258
5563
5564
2099
2100
2097
2098
2096
2095
2093
2094
12560
3928
14462
4230
5102
13166
10531
9093
3553
3554
3555
3556
14375
13573
3551
3552
6083
6082
9694
3557
3558
14378
7043
10693
9781
356
9036
5056
5055
1591
1589
1588
1590
11514
12471
14301
14298
14299
14304
14305
14302
1047
10711
11990
14306
5253
8212
8687
7762
12063
7761
5729
7759
7760
10476
7758
10502
7763
7658
6574
11779
3706
458
459
9734
457
13986
3703
3704
1410
9732
404
9733
5626
3707
3708
12302
12301
8088
12507
12231
12287
12300
8779
5698
3899
6711
9893
9894
3755
9890
7655
9892
11211
3918
3795
6898
5384
14416
1189
11198
88
1190
1192
13430
1194
1193
11203
9159
3882
12856
8985
10827
11205
8764
11424
9018
10488
9019
7856
61
60
7589
8136
8137
5789
8131
7587
7588
8134
10745
7590
7591
737
738
736
2767
739
2768
11656
10307
3012
9396
8983
6586
5874
14059
6147
8956
3013
3848
34
11578
8725
10074
9508
10362
1873
8480
2117
2998
11577
7442
2121
6669
2596
2597
10249
11579
2595
10248
7871
7870
4527
7873
7872
7874
13075
13077
13076
3952
4030
11444
8116
628
11869
6648
11871
11870
10706
5779
8897
12001
7305
10542
14196
9716
8118
4884
12653
8920
3678
5272
12657
12656
12156
12658
3676
3675
3674
3673
3677
8878
8726
14255
8652
5733
6745
11079
5734
2222
11083
11082
11081
7769
574
13871
2221
2220
2219
5309
1689
11645
5310
11640
1167
11642
11643
11707
9088
8668
1685
1686
1687
7764
2739
6628
529
5997
528
559
12567
7075
9234
5518
4132
4131
13551
13548
564
13553
4130
562
7047
13499
9814
9161
3230
3231
12039
3227
3228
3229
3224
3225
3226
2512
4802
14418
8085
4803
4804
2514
7233
5496
629
10901
10898
50
49
10899
12937
7026
52
51
7412
6316
4418
10076
13229
8651
9245
5861
6999
12410
5002
1784
1785
13706
13707
13704
13705
11391
13709
5742
9494
10052
9493
7264
9492
11085
6870
9078
6810
6807
6809
6808
6806
13807
8802
12261
13539
4699
4697
4698
4745
4220
7121
11086
11784
7319
7318
14393
3821
3820
6256
3823
3822
14043
9435
5912
4550
14044
336
13145
5034
8702
10681
5944
11088
1821
6166
8602
14470
12459
227
13391
226
12050
8916
6569
12375
9419
446
12373
6350
146
5365
3140
3141
3142
5462
4945
3789
3790
9564
1068
4916
917
918
921
922
1066
1067
8426
923
8425
8424
1069
10921
8423
9998
9997
7409
6771
12987
14379
9220
4126
4125
4124
194
5795
4127
14156
8506
6938
6485
8786
12957
6128
8805
10661
9409
9631
2426
4087
2425
11269
2429
4089
4088
4090
183
2430
11052
11051
11267
184
185
8533
5144
12465
11552
11551
641
5375
618
11547
11546
642
4596
11550
5229
542
1929
1930
1927
1928
1925
1926
1923
1924
8386
10486
8385
10537
2691
2690
2689
2688
11604
11603
1889
1888
3442
5082
11605
3441
1883
1882
9722
12537
1887
1886
1885
1884
10528
3990
3989
3988
8012
8013
8014
8015
8016
8017
5570
4259
5569
9700
6087
6088
9095
12217
8560
7041
12214
12215
6333
6332
6331
5836
10790
10791
400
13961
8500
8501
8502
4603
10440
10253
12174
9393
12590
8891
10722
14312
14313
11743
14310
12827
5800
7741
6045
7743
7744
7745
3758
7747
7748
7749
7750
8655
13350
12466
12826
3810
5618
9085
1427
1426
13982
12312
12315
6347
13978
1419
1421
1420
1423
1422
1425
1424
11312
9670
14366
9900
13000
9067
12999
4650
7131
4647
4646
4649
4648
3920
14365
9787
7065
7064
5839
83
10293
10069
11442
10828
835
4979
4482
12910
9764
13323
285
9541
9845
6016
9763
8750
8755
10860
9484
11783
9016
10873
7016
7015
5635
5634
7014
5636
7576
6295
7574
7575
6517
7573
6518
6529
675
14161
676
2758
2759
2760
5208
742
10458
702
11835
14363
5148
324
14163
913
3847
3846
14165
5876
9337
5286
6640
6435
10385
9336
5287
13364
11009
1976
11252
11251
9339
12809
4402
4369
5467
6100
13085
11250
13087
13086
11180
12804
11867
4535
11865
11866
4533
7882
4534
8778
1391
9163
11975
9473
7172
14265
9225
10485
12160
12779
12778
12781
12780
5352
12783
12159
12123
2369
2368
13234
1343
5774
11821
2612
1341
2613
11097
11096
11099
11098
11094
11093
1345
1344
8544
6613
12239
11390
11374
11634
5311
11387
11388
11632
6241
11383
10583
11385
11386
12028
11372
6660
4339
7444
2152
2151
6713
2153
2155
2154
2157
2156
2159
2158
5780
8314
8361
530
8043
4133
13699
11369
5534
4098
8554
5533
4099
2355
4324
10581
7348
11524
5937
6495
12110
1389
9673
9675
9674
9677
9676
2533
2534
13929
2532
4795
4794
4793
4792
9327
7439
1674
1672
1673
6156
1676
1675
14458
4014
1677
5738
8086
10742
8521
11202
8522
8847
10552
12417
3951
2022
2021
2017
2016
2019
2018
2023
6838
8790
10081
8475
1529
13660
1527
1528
959
10277
1526
7470
7469
7474
7473
7472
6940
13701
7475
10056
4270
6888
4311
5169
14432
6884
4271
6886
6887
14433
6885
6238
3915
4219
10246
14143
4622
14142
5983
14141
4689
11142
4690
7844
13775
8327
11074
9909
13778
7151
4552
9742
9741
11717
4553
9740
12918
9907
13107
11204
13779
5948
8603
231
8605
5110
8606
12076
8607
5108
5109
443
442
6354
441
5261
7421
8006
14331
12354
9438
3137
5799
2965
3136
2963
2961
5030
6248
7134
5248
6183
6182
7057
3791
10005
933
10007
10006
14326
932
931
4444
4445
4443
14193
13154
11762
62
10767
8031
4119
8030
12530
8757
7328
5759
12510
4875
13636
9796
6483
9839
10658
11278
5463
11276
11277
11275
14045
9795
9387
2417
2416
2414
2413
2415
2412
2411
7195
10608
12069
10607
10606
10605
4460
12519
8973
11523
13064
13063
9227
8830
9228
8336
8337
8338
8339
8340
8341
1935
1936
11121
11122
13417
4996
13419
13418
13420
9364
13596
1932
11123
1933
9365
1934
2661
2656
2657
2659
2658
2660
7997
7998
7357
3431
3432
7999
8000
3626
8001
3430
3624
3625
5076
3623
9604
3991
9823
8484
9605
14333
14453
9489
11995
8430
12208
6068
9582
5826
13587
10789
8721
6122
8742
10752
11621
11457
5063
5062
377
4602
376
13644
12062
3204
5573
5574
5572
7730
7731
9316
7732
3892
13758
13757
13756
7527
13969
13968
1433
1432
1435
1434
13973
13972
3734
12760
3731
3732
3729
3730
12309
464
3733
7531
9463
9878
785
9879
9880
784
1789
9462
9460
13005
8431
8004
6972
13004
6970
6971
78
13765
80
79
81
14380
12415
7996
8990
8991
13034
6899
10377
653
7944
13035
6900
11613
11988
7942
280
257
256
281
12082
10872
12911
8754
307
13571
12412
94
6522
5881
6521
6293
6520
5880
5878
5877
5879
8106
5206
10938
13740
10256
8099
8100
8101
8102
8103
8104
8105
9519
9470
4205
3793
4204
13837
2749
13579
2750
3877
5147
10550
3845
14049
5639
6638
6463
5764
11789
11817
733
734
4283
4282
6665
9235
8868
4539
4537
4538
10615
6098
13095
13094
13097
11816
8697
8435
135
136
6963
8760
5275
8766
12821
12820
12824
640
12142
12145
12144
2867
2866
2865
8372
2360
1325
2361
572
470
9561
14336
9356
945
944
947
946
941
940
943
942
2605
2606
2607
949
948
11627
5313
868
633
7446
11624
634
2291
5679
11626
5138
11747
5678
7084
7083
12049
6941
4095
4093
4094
9368
10353
10203
9593
799
9097
8978
10659
7038
7039
7244
11749
6878
12955
14334
8071
5493
11748
11404
8941
11403
11401
11402
13186
13185
1664
1665
8
1661
1662
1663
11406
12048
10908
8526
625
12045
177
6596
12577
11861
2008
2007
2006
2005
2004
2003
2002
2001
2000
9758
8442
4227
8443
4228
5163
10565
13675
3515
14262
8476
13454
10392
13670
13667
13668
3517
3516
13671
13672
661
6879
660
662
7452
7484
7483
7485
7481
7480
7482
9778
14428
14431
10243
298
6802
10242
299
13268
7327
4684
13822
4685
13821
13819
13820
11744
8882
13823
7356
5982
14151
14153
14152
14154
7204
7205
13056
11608
7149
7317
7150
13046
4861
4860
10651
10029
6254
8509
666
6341
6034
8311
9491
12104
13450
10227
10777
10778
96
10229
5111
6434
8611
6733
9792
12364
12362
12363
10301
12367
12365
12366
8733
12368
8734
7159
816
9957
2966
2967
14066
7300
12974
7578
10592
1342
9566
6967
4914
13509
10011
4913
4912
10010
9598
4449
4616
4447
4446
8803
8831
4940
6969
4120
6036
5322
6131
6130
6478
154
6476
6477
2408
11244
2407
5288
11247
2406
11028
6077
9515
2647
2648
2649
2650
10609
113
11528
11527
11526
11525
12542
114
11610
14115
2916
2915
2919
2920
2917
2918
4016
6377
2921
2922
8405
4015
6376
2670
2669
2668
2667
2672
11131
2671
11130
4172
11128
4173
11127
9127
8379
13104
9718
7369
11823
4351
3635
3636
5382
13925
3633
3634
10857
9777
4062
11996
4970
5536
4968
4969
11461
3591
3589
3590
6066
3592
11466
11465
3593
3594
7571
10833
1943
545
495
4494
494
543
1945
544
10397
1949
1950
546
1859
1858
1861
1860
1855
10751
362
1856
1862
4330
6620
4329
10430
10429
6575
3200
3199
344
3196
3198
3197
13752
3195
14456
9111
8488
6652
6651
9110
5577
14457
3719
13766
13769
13768
3715
3716
3717
3718
1443
1442
12390
3720
3721
1441
12296
13172
12983
9886
9887
10692
12986
12985
9292
9883
9884
7166
5709
9885
7263
12547
9786
13640
13643
12038
13645
13558
76
75
74
8657
4490
4493
4491
4492
9035
8708
6267
7659
9881
5167
5658
7653
7654
5168
7656
5657
9955
7657
276
4217
3835
12118
275
274
11188
6591
12106
12046
6508
8115
8119
8120
8117
271
6509
8121
8122
10814
2741
2742
2743
2744
710
2740
12162
10669
13388
10051
8952
3879
10050
4280
7479
12015
4281
11803
3015
4946
8391
3014
13528
735
13527
13300
308
13530
5070
5069
7986
4545
4546
9514
10998
4314
4315
11876
11000
8367
7991
2029
6178
524
5233
10297
6913
12152
12151
12621
12620
12619
12618
12617
5561
12807
12806
3056
7780
12033
2861
3055
13868
469
11978
5559
5771
2357
2356
468
2358
9968
13683
967
13682
966
965
964
963
962
961
960
4876
11253
4042
7779
7773
12694
4043
11843
871
567
566
7459
565
12161
7292
5137
7663
188
9188
7291
10064
1172
9406
13348
13349
13347
13352
13353
4137
13351
8975
7169
1169
4374
12928
12930
9553
4365
12929
13492
6221
6220
5223
9318
5491
9317
8814
6748
4237
12557
13289
8387
7945
6627
7943
5761
11617
11618
11615
11616
11619
8670
11805
1388
13198
9101
1387
6832
6830
6831
13488
8530
13489
2043
10556
2038
2040
2039
2041
2042
1810
7246
1812
1811
10083
1813
1814
7245
5752
10084
4326
3333
10636
3509
3906
14254
14253
14252
14251
14250
14249
10600
7332
7333
14036
10223
5128
10224
10225
10226
7240
10228
6727
10282
10230
14426
6799
6798
6797
13054
4617
4618
4679
4680
4678
5048
6359
14117
7044
6358
14112
14111
9571
13384
14114
14113
13041
13042
6989
8511
1464
1462
1463
1461
14384
8510
12293
12294
12292
449
7457
5304
9954
6605
9951
9950
9953
9952
9449
840
9956
8371
220
9570
9509
13398
219
13874
7577
13872
13873
6907
13358
13876
9002
9001
447
4921
10299
10390
9690
10206
9865
9866
7158
810
10001
13866
13867
9599
4919
12583
6138
10851
12582
6601
18
5035
4432
5201
5202
14085
4431
10165
7262
26
8959
3859
9024
12663
5152
12405
6470
5203
8685
6471
6467
6468
6469
5865
9384
5864
6472
6473
5866
5182
8706
2938
2939
2937
5184
2940
11571
9543
2395
11259
2396
2397
2399
2398
11016
2400
11029
11030
11015
11258
11013
11014
3836
612
611
10822
10602
8320
613
8319
8316
8317
8318
7194
9199
6725
4397
14065
5053
6724
9198
4891
4892
5846
4890
6747
11140
6315
8026
3602
3603
3604
3605
9719
9720
10893
13106
10892
8027
3994
6373
128
3995
519
6186
6097
12594
6094
5268
10877
6095
12020
11735
12025
12197
12196
11875
7110
10334
10335
392
5412
5411
5413
5415
5414
5417
5416
5802
13622
13627
5232
570
13624
1951
1952
1953
13628
11778
11777
8382
8549
11331
14473
11330
11329
1537
1536
1539
1538
1533
1532
1535
1534
8565
3191
13863
6600
3192
11447
3889
7501
14445
14446
14447
14371
14372
13733
14368
14369
14370
13728
13727
13726
13725
13732
13731
13730
13729
9798
531
11819
9797
7390
413
412
13156
12588
9288
6973
12993
5484
9755
12990
12991
12989
1966
13999
11989
5165
6198
10747
12898
10869
9175
9042
4488
4489
4981
12909
4487
8674
10295
5623
4256
5166
1628
8623
3807
3832
8625
6197
12792
8624
9383
14076
12111
3869
3871
5183
14463
6235
6512
6511
6513
9334
14080
708
2439
669
10358
706
707
10820
4581
7187
5099
4578
4580
4579
11733
10821
7188
3922
14081
147
10569
6058
12802
4279
12803
10453
9331
11732
11031
12017
11055
6903
6904
11019
11027
10071
9332
5909
11017
6566
433
9333
12052
12350
5965
5964
11254
5377
5269
12800
13177
6544
6543
12149
10118
11730
11257
12043
3961
11026
9538
9537
12902
7269
5276
4872
7214
12105
1302
10113
5844
1301
1300
1299
1298
1297
1296
12609
3061
5392
12605
12604
12607
12606
3062
12608
2853
2852
5773
7171
2847
7170
2848
2850
2849
2851
13240
8450
3058
8451
3059
975
974
3060
10768
557
9389
4878
7419
973
972
7088
9626
7087
2323
4046
8482
4045
7089
11238
5480
11918
11239
749
8047
11919
11920
8360
9053
13914
10350
8982
4076
8713
10619
6309
6310
7460
9321
2309
2730
2729
2728
5731
5221
10582
8346
12538
13219
13218
9
10275
7561
12539
7929
637
7931
5665
6626
7934
1489
11421
7935
11419
5239
11422
12443
2028
2027
2026
2030
552
2178
2177
12449
7461
2032
4937
2182
2181
13918
8406
6750
5858
8374
6554
11567
3347
3346
3345
3344
3343
3342
3341
3340
5736
3504
3503
10643
14108
14107
3498
14105
3500
3499
3502
3501
6893
14425
7326
4829
14017
4828
4827
14436
10218
10214
10212
10213
10217
10215
10216
5047
12250
12249
12248
12247
14126
5978
4621
11701
14130
14129
12252
11699
395
5706
13157
8517
6984
10624
9276
6982
4865
12009
6983
1449
1450
6339
13963
1451
1452
4561
8352
10644
12603
13965
11994
12284
7093
12281
5817
12282
8024
12280
7456
838
839
3897
776
11411
7273
9947
9452
9743
9944
9943
775
5107
11715
8616
8615
12078
8353
13888
13889
4741
13434
13885
7231
13883
7092
4742
4743
8842
8843
861
813
814
860
9004
13105
7368
13039
11810
13938
9863
14438
10635
11129
8354
14187
9601
14186
1130
1131
1132
5832
1127
13681
1128
1129
4437
8765
7315
4439
4438
7316
14335
4441
4440
9504
9503
235
761
236
234
14337
760
14188
237
13114
6135
6134
5923
8962
8963
4128
5453
8462
10480
8715
10479
5188
5189
2951
2952
664
2948
2949
2950
5368
2946
2947
2386
2385
4249
2640
2383
2382
2639
2638
2637
5289
2384
4509
8328
4510
4508
4507
8324
8325
5067
10730
13143
5066
8330
9203
9202
9204
6019
13680
193
109
10077
7717
1515
10878
4888
7257
12889
13112
12887
12888
12890
7975
3617
13110
3613
3614
3615
3616
5350
12372
3051
4000
3998
3999
10677
11021
11022
11020
516
6184
5314
13301
5420
5419
5421
8758
5346
8637
6990
7293
10558
5134
4170
11145
13616
12037
13382
13381
9122
13379
11147
11148
9080
13375
8045
6957
3325
363
6616
3326
11344
11343
13679
12695
493
10520
3183
3184
5728
8044
156
9319
8807
9105
8046
14449
14450
14448
9572
13722
3743
3744
3745
3746
3747
790
789
13600
13194
9149
9147
5485
12455
1551
1550
1549
10492
10491
1552
9044
10514
9045
10984
9046
652
6861
7627
7628
7624
7625
7626
6862
7621
7622
7623
6499
12674
13746
13745
13747
12549
13744
13743
11418
10496
13748
3830
4176
8784
12036
9480
13625
12344
9479
12675
14367
4287
13354
10917
7009
6449
3797
9770
6266
11414
13601
6635
4624
4573
4572
4571
4570
4623
6020
11332
10374
7207
8699
6420
264
5605
6418
5583
265
5584
5616
6833
5617
9342
13695
311
12480
312
12346
718
11751
5376
8900
8901
9417
8446
912
3876
12707
10037
10038
10039
10040
10035
7402
10036
2835
2834
2833
2832
2838
2837
2836
11071
12319
2840
2839
10252
13690
9562
983
10210
982
985
984
10211
6936
12098
12527
9012
2572
7831
7247
6739
4408
10094
7165
4037
9624
13954
4038
5520
8813
8865
11233
11914
186
11912
5479
11230
11229
4246
4734
4377
4247
4376
11925
12639
6534
12637
12636
12641
12640
10085
12643
8769
9312
550
6276
10756
9063
2711
5219
1360
2714
2715
1357
2487
1358
2485
2486
2483
2484
5218
2482
2481
9852
9851
9850
13213
7266
358
13214
7387
9076
7920
7919
7915
7914
13069
7918
7917
7916
14261
13254
13255
13256
13257
13250
13251
13252
7863
2173
2172
2171
13258
12014
2170
10532
11852
13928
3505
11854
3354
3353
12759
12758
3488
9653
3356
3355
3358
3357
9854
12763
12762
7859
11482
9635
9636
9637
13447
12392
13448
4610
4612
8816
4611
4613
1281
11690
11691
1282
12255
6598
11684
11685
11686
11687
11688
11689
8650
6360
8525
10511
10787
6910
10499
14373
6335
12275
6336
454
453
6337
1481
1482
1483
1484
7572
11818
12972
5811
9937
9936
14072
7284
9935
9934
10222
6914
7218
5808
5097
3913
3912
7058
12378
10219
12380
12381
12382
12383
13892
13893
6572
13894
8995
9669
8994
13974
7320
9724
13923
430
5918
7126
11695
9642
11694
20
11767
9289
7464
8716
726
725
2825
2824
727
758
11364
2826
13175
13926
14394
6322
10739
11781
12572
8965
5459
5458
13988
12013
5969
9546
9977
9976
9979
9978
9980
9981
8294
8295
8296
8297
11983
8298
4505
4504
4503
8408
9607
9200
4019
4020
7343
7342
14120
8927
13116
13117
5084
5083
5085
6111
12487
10437
7799
8872
12876
8873
8877
12872
12873
12874
14400
2645
5243
2644
2643
2642
14435
582
583
584
585
8190
8675
8676
2227
10405
8189
8540
8543
8539
8542
10879
3092
3090
3091
3089
12947
7433
5425
8971
3093
3094
10588
5550
9114
492
5551
7107
6939
8468
2694
4148
4118
2695
13359
11154
11155
13362
4171
4147
13363
4327
8038
6958
6959
10579
11352
10559
11350
11349
11356
11355
11354
11353
12946
8192
3177
3176
3175
8191
3180
3179
3178
4486
5515
8806
4
7992
13842
7373
7020
9282
9281
1990
1988
1989
1987
14474
6828
6195
13841
1036
9354
5863
5488
5487
1563
1562
1565
1564
1567
1566
1569
1568
1570
7642
7643
406
7641
7638
7639
7636
7637
407
13637
8656
7644
12562
12277
13843
6867
6866
6865
6864
6863
3829
11272
9399
10464
14015
14014
12838
14011
14013
14012
11206
14010
7794
7795
8164
8165
8166
7793
8167
8168
7796
11936
14405
14406
14407
14408
14404
11939
673
5215
5214
674
7010
7080
9949
6075
6262
8626
12589
10870
10625
6427
6426
6425
6424
11844
10637
6525
13559
13291
8412
8411
13534
5267
7981
5265
5266
10868
13290
3867
13295
14357
7982
3870
13293
11001
5448
13540
5449
5450
13541
13542
6179
10045
13298
10044
5917
10046
4420
4421
7400
4419
3851
4422
4958
4957
3078
4956
4955
7757
6693
7122
10574
6692
11985
13694
8712
6964
11766
997
996
994
995
10477
6649
8880
13691
8213
6136
13692
6137
5478
7753
12002
6000
4411
4410
9622
4409
13687
11224
11223
13688
3937
11221
4103
11926
13689
9194
11222
11934
12559
10422
10421
10420
9195
12003
12628
12625
6535
12627
10474
12624
14239
2282
2281
2279
2280
6277
4193
2278
2277
13987
2497
4238
9407
2703
2493
2494
2495
2496
3124
7899
7898
7901
7182
7896
6730
7897
3921
9157
7903
7902
4304
3974
9168
9170
872
4305
2204
2203
1711
6752
6753
6754
6755
13274
5594
2200
13273
6757
2201
2202
13269
6025
9708
9705
4359
9710
2528
9709
10096
9113
8812
4224
10098
12642
12190
7030
3369
3368
12192
7031
3365
14227
3367
3366
14226
6224
9818
9817
14030
1649
11678
5049
8187
11677
1646
1647
11109
1648
373
12258
12941
8042
13161
2057
2056
2055
6659
12079
2054
11966
2059
2058
1715
1472
9377
1469
1470
1471
1473
1474
5740
12917
12271
5814
5813
451
9180
14264
9922
9921
9446
9925
9924
9923
14382
768
837
9589
9357
13895
9109
13900
13901
13898
13899
7217
4739
13902
4677
13903
7228
10620
8997
10653
8998
4470
4471
198
10735
4760
4759
7152
4758
13008
13009
10707
13010
13182
5902
9477
9476
9648
12584
9501
7314
3923
9335
10548
10758
10174
10759
13556
3772
3771
755
722
721
3883
424
9414
10169
9386
10481
10482
10170
12349
6416
9780
12348
10171
10172
6107
6108
9973
6580
10316
9971
5065
9972
4514
8307
8308
10368
5930
8302
8305
5929
4513
8304
6381
12568
10852
6379
9238
6380
9609
3938
12436
6176
8926
5240
12862
12861
12434
12860
8874
10890
6113
11584
5256
12708
12709
11999
12704
12705
6744
12706
10649
593
581
579
580
5770
2625
1157
1156
1154
1155
1153
2628
5247
10982
10983
5246
5245
11432
9428
9429
11430
11429
11431
3103
6736
6737
3104
3105
3106
3107
6560
4144
13401
13403
13405
13404
5556
9746
4894
4896
8470
4362
9869
13708
9586
10132
8799
9306
9308
9307
13146
9495
9750
9751
158
13164
8541
13222
11446
10394
10395
6965
11445
12940
13561
11486
11265
1979
1980
13557
5489
1981
1982
6230
10131
6875
9089
5483
10128
10129
10130
532
6557
11439
11264
11363
1583
1824
1823
11362
1578
1577
1822
11483
1820
1819
1580
1579
7600
1968
7602
7603
14005
1969
2704
7606
6872
3908
3907
409
408
13183
6823
13176
8641
4251
4252
6853
6852
9525
12113
4209
4971
14009
7045
1632
3394
3395
3396
14206
1631
3397
3398
14210
4843
10288
10289
7012
7013
7813
7814
7811
5186
7321
3903
7807
7808
12032
14395
671
1630
8599
9418
2781
2782
2783
12548
2777
2778
2779
2780
4629
4628
4631
4562
4565
4564
4563
12516
4632
4566
12693
13003
10294
10428
12103
105
212
8698
211
8483
262
6431
6908
12263
8410
6345
6346
8748
12051
5904
803
12101
6203
11024
10459
10484
13862
9539
9512
8444
7222
3786
10019
71
15
9423
1265
1264
10023
10024
1261
1263
1262
1259
1260
10103
5958
5957
7208
178
4954
4953
7062
10109
8157
5601
9840
6590
5966
6244
3864
5967
6507
6506
6505
11196
11197
11214
8056
11927
5283
5598
5599
13983
5600
8285
12054
8287
8054
8051
8288
5840
4011
8050
10367
7000
2504
2505
2503
13657
12095
2698
4191
4192
2508
2509
2699
2700
5499
12026
7259
6584
1374
1373
1376
1375
1378
1377
1380
1379
6645
6646
11878
11877
11659
11660
11657
11658
11661
11662
11879
9619
5532
3980
4302
3979
6096
13231
13937
10415
7173
7174
8558
10596
8557
14095
14094
971
7033
14092
14091
14093
2299
2298
2297
2296
2295
505
2293
2292
2300
8945
9625
8883
6273
8884
7752
10404
6955
6954
14136
7086
10326
2315
2314
2316
2186
2311
2310
2313
2312
2189
2188
11787
9176
14340
12894
12268
4316
7090
7050
9861
4317
12267
14339
3896
771
13043
9916
6218
11237
9665
9664
9666
769
770
7282
6979
4818
12880
11236
6918
10867
13915
13916
7229
7230
13912
13913
6917
4475
4985
4473
4472
4984
8854
13113
9995
14184
5946
6282
13115
4775
4774
8627
4769
4768
4771
4770
4773
4772
202
203
11991
333
8745
4457
12907
12575
5900
1206
225
4265
10518
14055
4266
5192
6796
3773
4199
9236
6795
12953
10065
9385
11782
3853
14413
10762
11802
6487
6642
9915
663
8568
4296
8569
12469
4716
4714
4715
14307
4717
4718
8145
4512
13062
4288
4289
108
6374
8141
7341
5971
8140
11754
10665
9678
7592
5122
12490
5121
831
1046
425
6348
1048
1042
1043
1044
1045
9868
12849
12850
12851
12852
12853
11752
12855
9320
12857
6905
5319
3008
3009
3010
3011
3034
3035
3032
3033
3031
3030
6743
10978
10976
10977
10974
10975
484
10973
578
8841
483
10979
1165
8727
2632
2631
1166
4387
9967
2630
4034
9162
4033
9160
4031
4032
5347
12223
12224
4412
3117
6726
3113
3112
12931
3115
3116
3114
11635
4151
4152
9131
12546
12227
2712
8955
2578
14079
13886
7371
14068
8800
6205
9301
9300
9299
8704
5157
5156
10769
2591
2590
2589
2588
2587
4168
2586
2585
2584
2583
11453
11452
11451
11450
11456
11455
11454
369
13884
8862
397
8646
396
1977
9340
11769
9338
1975
8815
1974
4754
7294
1832
1831
1830
1829
1828
7249
10142
10140
10141
1833
3691
3692
3693
8040
8041
3289
3290
3287
3288
5749
3285
3286
3283
3284
6856
7615
5654
5655
10522
4448
7611
10322
10323
7610
7613
7614
7612
9641
12064
287
9640
11719
13774
11718
13777
5664
4210
4211
11423
8833
3147
7930
7372
14332
14197
14328
14166
3406
14195
3407
14194
14192
7932
7821
10271
4848
4849
4850
4851
10836
7817
7818
7819
7820
6258
6261
6260
569
12068
8596
14411
5604
11420
103
4638
4637
10708
4640
4639
5249
410
5720
6564
6606
6433
213
2179
12977
214
11325
6432
12958
11633
2180
13312
13836
12839
13834
8552
5263
2176
12811
8413
435
436
13619
379
10589
800
378
4399
5677
8201
847
798
12810
2031
3800
12979
9353
5582
8369
10298
11328
1251
1250
1249
1248
1247
1559
1246
7221
4400
1252
10028
6674
6779
9993
13678
10025
10027
10026
12921
12920
6778
12498
11981
11982
6708
4948
4949
4950
688
6710
6773
6774
6124
10539
9223
10468
9010
9211
6234
10254
13457
9070
5443
5444
5441
5442
5440
9397
9398
5475
5474
11210
11189
8459
14351
11209
11187
3838
7176
12740
8283
8282
5747
10599
9618
14127
6704
6703
12808
6705
13994
6706
4009
4008
9187
4300
1383
1382
1381
1386
1385
1384
2522
2523
2524
2525
2518
2519
2520
2521
12805
7163
5074
7417
12742
11882
12472
13307
11883
3968
6181
6249
13072
3966
10854
3967
12743
9774
13308
4309
11771
14452
10853
14074
14106
12595
10884
14352
14238
6365
6366
6363
6364
8439
11851
2261
2260
2263
2262
2265
2264
2267
2266
7035
5798
5797
6489
1912
1913
1914
1915
1916
1917
1918
1919
1629
1626
1627
1625
10510
1289
5986
13311
12264
9100
12969
8438
9054
4075
13239
4074
13242
4073
2322
2321
10321
2320
5790
2319
12298
1490
1491
1738
1739
10564
10380
1488
1735
1733
1734
1736
1737
5329
13168
9706
5328
11505
6609
7283
4816
9275
13533
7770
6314
9277
12746
6060
7136
9870
7718
4992
4993
7719
4458
4994
9871
10793
4777
12011
4776
4780
4779
4778
13366
4781
13051
10497
10498
10736
9500
4196
7767
43
13365
5896
5897
14128
9358
5648
6288
14124
10381
5197
717
719
10447
10255
5196
10220
4730
4731
6033
4732
4733
10205
4195
4194
10208
10209
5064
12485
12901
8696
10682
10370
10161
12251
10097
13208
8731
12468
11670
4522
11606
5016
5015
7054
5970
5014
5013
239
10634
3945
3944
595
6174
6250
12394
5919
12393
1040
1038
1039
426
1037
1034
1035
1033
5378
12688
12689
12690
12691
12687
8781
12000
12840
487
12867
3025
6688
11609
591
11002
11003
11004
11005
11006
11007
11666
1137
10567
1135
1133
1134
6634
4386
1136
5012
5011
3125
3123
5010
5009
6731
11072
4344
11296
13486
192
11965
11295
4414
11611
7296
11967
8194
6340
6943
4895
4110
11462
11536
4109
13962
2223
4900
9691
10889
11076
11077
13960
10461
8197
10846
7516
11118
11119
11117
9298
11651
8796
8797
13158
8798
351
5161
10577
5
12536
13964
11649
6161
7885
7886
7887
7883
7884
11488
11487
11443
1041
8537
8538
7888
7889
11441
11440
2135
2136
1970
1971
2134
1967
6826
2133
8647
9350
1972
2137
2138
2435
2432
2431
2434
2433
14174
12283
9134
5308
10111
1841
1842
12923
1844
1843
1845
10104
10105
10106
10107
10108
8486
10110
3280
7379
9584
8055
3276
3277
3278
8052
8049
3279
12703
13490
11183
8939
4212
3415
3416
3417
3418
13491
6742
3419
3420
14217
14183
11181
9588
14176
14177
14178
14179
14180
11182
13537
14182
4841
11911
12699
4840
1522
1523
1520
1519
1521
12700
1525
1524
5821
5822
5823
361
5824
104
8523
9842
10320
9087
8659
11909
13225
12042
3749
13828
13829
6563
3748
13830
5603
13243
12327
10351
12325
12326
10389
7827
7825
7826
6015
7830
7828
7829
794
7129
9074
9478
1283
1284
1286
1285
1287
13544
67
1288
7220
68
7974
5046
4334
8707
13001
5786
9192
6041
6144
10022
5956
7972
11827
7973
11826
11825
6621
14007
8271
1768
8732
301
13887
7511
7512
7513
7514
8193
7508
7509
7510
7515
6697
10761
5565
6696
13882
5566
5445
12823
5446
13698
11184
9441
939
10966
6934
10961
10960
10959
10958
10965
10964
10963
10962
7395
11801
2871
12822
13700
13136
862
5716
9191
5717
8270
8269
8272
6539
8850
8273
6538
2873
2872
10538
5851
6695
3934
3935
8400
3936
