563
4583
12728
3754
6500
1854
1054
7233
8507
5947
9735
1464
2356
12775
8982
7242
3878
1780
11399
7813
7195
2955
4874
5206
9618
5183
4279
1314
12174
2056
6510
6207
183
7510
6940
7724
13045
3719
4426
8663
1733
7439
10483
9878
13019
2758
10462
6000
12999
2209
360
7412
7097
5157
971
6672
1710
5917
553
6401
9310
8630
1585
75
2518
10691
6092
4457
5691
2137
422
773
4807
3342
11105
6786
8513
7157
5184
12318
7246
11653
3480
7032
2856
6905
10187
8642
3212
11805
10628
10311
3392
4095
12815
6482
5818
8397
6632
4341
8379
11747
1606
4732
11425
12151
10543
9755
3347
6705
11659
11938
7083
4313
7750
2166
5490
10447
9791
9642
8085
7942
10023
10424
939
9315
12441
12880
2656
1425
3090
10484
7856
8691
4316
2560
9371
5722
5394
3288
8309
11757
9922
9526
453
7011
5113
1587
5776
3603
8269
1189
6060
637
11609
10528
2541
6029
6955
5315
10863
10400
4668
6690
10525
2597
4274
128
219
12313
2449
5765
5800
8219
3533
5076
12162
5957
1917
12528
6732
7538
194
3422
2442
4196
6330
2503
1200
1844
6252
10597
4612
11196
12440
6418
12152
679
5717
7332
8306
3084
8066
597
4924
6641
12912
2566
8178
6608
8948
741
3522
11948
2445
1803
4728
12531
3014
8577
8430
448
10309
4671
12732
5693
6254
9597
12903
11977
12623
640
3108
3086
6429
810
12113
11388
3124
6996
3449
7506
13113
95
12389
8565
8084
12851
879
2641
2751
9599
2586
9660
9410
9428
2692
6238
151
1186
2837
5559
2505
6746
1444
9451
11518
9546
8252
2897
11157
5659
9823
19
7208
8144
8463
6028
6865
12115
223
10864
13028
7248
9473
721
12519
725
3176
13103
7884
882
5392
2415
3800
818
3265
9832
5480
5193
9729
2482
4281
2575
2781
6285
6872
9891
2054
2125
7300
4285
11207
11864
9568
4700
4820
342
12823
12405
8902
1299
1345
5976
10481
7113
12376
11114
5304
4479
10690
7614
8947
8127
9023
7059
10506
2162
1995
12836
11383
7089
4677
1048
9748
7717
9580
2863
11590
9070
6951
282
11677
1289
3544
2957
1749
2
3775
8623
2982
12547
8129
11580
9699
9818
602
6754
10891
3015
1336
11576
8035
11248
5098
5674
173
8858
3006
8450
11966
11140
3399
6404
6196
3150
3290
12676
3363
9049
8792
4614
4901
1292
8186
6412
4427
4850
6926
3058
3890
7076
2081
1293
8544
10338
11120
1544
450
12289
12603
3317
9314
12443
8063
5543
6496
3737
55
7093
9641
10387
11923
9933
12409
10711
8980
8287
3585
3036
6373
1198
12165
1939
2925
4141
2329
9413
7814
7063
9103
2829
10637
8110
3937
10997
2422
5539
3466
10771
3868
6082
9233
9249
684
12429
4978
1266
4323
5170
11654
12979
7225
335
3499
1459
11619
6849
7221
11427
11543
5350
10013
7075
9700
5593
10127
12192
9541
8502
12305
3717
11163
2007
7908
9685
10540
10706
2138
1050
4852
7859
9837
6201
6578
5871
10652
12349
8737
94
10777
3166
12352
4796
1618
4269
11098
1751
9825
4109
9815
8912
8860
678
10233
708
11062
6109
12564
2528
8637
11538
4450
5836
3289
8538
8622
2404
12358
11302
7451
4620
3300
10941
10069
433
11498
6815
2455
17
3429
4473
12181
9188
12694
872
11899
6473
11013
2073
8213
7274
885
5285
11199
10893
2711
1331
10603
11296
1111
957
8707
9240
1933
6661
8645
6680
4496
7378
9405
8336
12520
948
1841
4299
4447
9245
2260
4499
5319
9038
12140
9528
8854
8043
1997
5094
8254
1067
7406
6644
6584
7055
9114
3478
2728
2172
10468
2319
12890
612
3056
12035
1291
2091
11642
3569
11556
4448
12773
5414
427
7147
1913
6985
7421
9075
9190
7203
11367
8600
9874
10029
537
2672
9745
8419
6133
8479
10306
11893
12707
4553
7920
737
6315
8758
4321
11761
8617
201
12889
9330
935
6666
6714
1057
1035
8012
2543
425
2533
6156
11861
7834
10021
12783
11093
1750
296
10784
2230
10184
12674
7355
10079
4945
6214
4485
9579
742
6034
3746
8922
9111
2414
12415
111
3032
4968
611
3051
3242
9555
9391
800
7434
11162
12711
2296
8164
11171
5079
8118
8494
9570
13031
12448
1518
8918
752
4218
10417
12186
12724
2917
9243
8525
7682
12638
6131
6014
8689
10371
4308
6810
8961
5204
5176
9795
5754
9968
4665
8273
4537
12740
11181
1278
3507
2872
6595
965
1881
2521
4384
6388
6902
444
8967
8402
6579
2901
9026
4284
9047
2502
2335
11835
12216
5967
13005
6351
9039
10614
8721
8732
8583
1147
3410
5217
214
6781
4587
4041
11287
3530
932
7781
8428
5699
4903
12303
9710
10812
854
8846
11361
7025
4867
11918
6667
11265
7827
8471
2973
10235
10097
1056
2454
1775
8985
5583
224
6170
3714
9079
12696
1929
7963
4147
3883
4228
9612
11084
11927
5006
3605
6787
4051
2914
3349
11989
11946
7069
3228
13090
4300
9133
4682
4027
12673
4598
8046
7939
3043
8113
11462
10625
10971
11951
9090
8787
999
531
12534
12556
11902
12471
9349
4811
11417
10799
6115
5097
3416
7529
928
1934
9125
7584
1650
8404
2627
10345
5935
7875
2464
4984
293
6912
5702
12348
314
2891
2535
4570
9044
9893
160
12717
8332
9073
1743
9988
7259
10868
1059
11085
5655
8100
12591
2552
574
6692
10278
10881
10375
873
1323
2170
12568
1634
8615
131
3794
7956
12069
12590
3806
4243
12704
9401
9007
11557
377
9939
7265
12956
6055
2748
6113
6234
6417
6184
8581
7087
1899
11255
18
4170
10103
10077
10050
7780
1387
9287
7472
603
10929
507
4220
11007
12830
8720
7230
3304
984
3624
4982
9065
6343
2546
8346
10686
3020
2066
3697
8169
8976
1006
883
8570
4393
6294
1883
6765
10126
5859
7550
9652
2956
5599
276
10063
4975
7237
5390
8874
8780
1831
12954
3820
12286
7839
6241
11527
1329
9775
6213
10708
6164
2257
6802
3599
12057
9932
8101
8567
6867
2648
460
7200
10115
1996
8501
12864
12314
7841
12678
10008
2647
13004
11076
7656
3448
6924
521
2254
4560
2049
4673
10280
5906
10423
11836
3876
3682
126
3445
8814
10393
2339
516
10318
101
12081
1584
924
1224
4054
2703
4022
12764
5588
11223
3426
8386
6255
92
3687
6230
4407
969
10975
7837
6229
2488
1255
10846
2944
11082
5962
5710
990
12005
6822
2229
8657
244
6167
208
9565
7797
7928
3097
5343
11824
11571
11081
9701
7459
3281
8675
10966
12976
4492
2153
7955
11134
10308
3696
8509
3525
7982
7128
647
5077
7306
304
12501
10100
7284
13026
4655
10659
3358
6129
6646
11897
6442
6627
9015
12650
6851
11213
2179
5932
12267
944
1961
856
10660
9381
4112
2321
1327
9909
3752
5553
9020
2716
12715
1322
2118
8042
2954
2547
8804
11063
3007
2325
11809
3282
4287
11743
7893
4068
189
1969
2818
7554
379
5129
6258
5101
9012
5753
10865
6484
1218
12128
9067
7687
12969
9530
9106
5255
706
8114
10396
2047
9657
11863
5349
10460
7317
4834
8083
6329
4249
11147
12213
10343
12858
5320
10493
8619
1915
1393
11674
9215
522
2984
2181
8375
11668
11963
5201
2141
1328
9288
6453
4394
11444
8575
5187
9029
11628
5515
1282
5178
9333
105
7647
7669
1731
6768
2862
12980
7651
12430
1830
1391
8951
352
4461
5943
6975
2612
8493
8677
406
4678
4056
10277
10887
5567
2343
1415
2389
7109
10623
10157
8442
2962
6859
3177
11448
8380
476
3462
3589
4716
4555
10303
10425
12058
10027
7077
1390
8143
12861
7489
4871
9154
7038
5362
8311
2272
10573
11318
7368
7713
12017
11541
8757
11562
280
11634
3217
413
5940
897
11016
4962
11037
9938
10787
11816
11008
12442
3335
686
4233
6006
3158
11091
5666
8028
10716
84
2529
10206
12730
12725
10171
5619
4660
6155
9727
77
13065
5799
8374
7480
1281
10725
3875
10328
12205
4087
11355
2297
10857
5318
2014
7029
5503
8320
12525
2730
10006
7534
9744
5633
9861
4101
4125
5563
7892
8123
12550
10205
11862
429
11594
10469
10169
11288
12551
2808
11000
1678
3026
7411
11915
6149
11532
11790
3297
11039
2269
1024
8851
12873
1690
1244
8809
10666
9911
10207
12094
963
6702
4259
4582
12542
5996
2864
443
8448
4018
5487
5182
9117
8609
12221
3268
5816
3651
2603
147
3244
1061
11895
12834
1478
8844
5489
11947
12733
8765
12118
2416
7455
12940
8370
1457
877
8539
10196
11758
13075
3527
3320
7589
11237
8340
2458
1765
1674
9614
10545
4931
4329
4771
12701
5698
6179
11991
10726
3919
598
8620
734
5979
11256
6492
755
6269
3951
10327
8331
6445
4035
11655
3516
2204
6220
11465
3715
9892
8632
10936
9323
6017
7694
3803
2743
10586
2620
5949
1521
11338
9126
2989
12646
104
1792
8099
9610
9305
3990
12408
13011
4810
12175
3387
10032
11858
11394
8079
1906
10788
7149
7414
9384
8788
6194
11295
11401
12897
2481
12893
5789
6870
4981
4363
9148
11164
5188
3122
2186
11326
9830
12007
6231
7252
6425
10203
11504
5904
557
4142
12148
533
2123
10551
4817
12850
4503
8794
4766
1843
630
680
822
4098
7239
1805
6759
11046
743
10860
3685
9944
5931
997
6700
12635
10238
1993
7812
6657
2249
12581
2906
2828
4500
5334
8894
970
12418
4377
517
5298
11242
11210
6543
1958
7728
4676
1979
9244
11867
6506
5715
12365
1171
4955
186
8076
12947
3865
2266
464
11840
1348
2211
1410
4805
593
5002
4344
5360
321
8784
1822
5323
1564
11715
110
3218
7338
9908
3269
7625
1578
7994
8767
4934
6979
274
3184
10070
5023
9206
3500
6053
8714
8239
11647
12456
8299
414
4354
2637
5308
384
12101
10053
10602
115
3620
7391
6166
6070
12613
11728
5153
3004
730
2596
273
9827
1877
9606
3998
12994
12518
7899
3612
11095
3432
12687
2511
6600
9916
3490
1167
7257
12953
837
133
2800
2212
11400
10921
8403
7570
5502
12111
6722
3200
6299
4064
12684
8716
11694
5806
8272
141
6212
6908
10982
9363
65
9217
192
10004
608
13007
7502
5438
9229
10030
8699
2519
2985
6228
585
2938
3461
10088
8962
4434
6580
3945
2409
9801
12157
11564
12599
9454
11615
7737
5123
10658
12160
10984
7673
9361
4458
12855
5965
2852
11950
10710
10059
700
4675
8816
8333
8361
3622
4882
7613
7973
10986
6096
8011
6679
5211
12609
3241
4641
6154
10721
639
814
3267
9231
12270
3690
7430
11612
2581
11645
4445
7966
4544
8703
10125
5241
10993
5579
3179
3855
8211
10089
9650
12382
9716
48
6461
8188
12998
4012
7037
587
12387
2088
3740
8210
7186
454
10092
12977
12391
4839
10876
4526
4540
6703
11849
2695
4744
5316
942
9757
9884
5513
829
3492
261
6204
8569
12328
12168
7925
7185
869
1683
9919
4088
8009
7542
1880
6197
10562
8789
5909
7098
12712
6916
5741
8746
10555
11229
1795
10404
12062
550
10855
6141
7794
12068
2675
1216
7357
806
8295
9141
6501
5545
6020
6591
4442
2670
8064
3656
4501
5456
8797
3680
13022
7860
332
8327
11514
1711
6172
7159
5179
468
87
10621
754
2163
1358
12457
11992
7054
10842
12680
9056
7927
9483
12914
3146
2285
10225
7828
7396
3834
11323
9935
3987
8885
4826
12449
9656
1824
1505
9040
3414
3564
1941
4916
8244
9416
11228
7528
6427
5333
7452
927
3763
38
4528
4586
1945
2055
10134
5505
7544
3132
2427
3435
7342
7835
11997
11419
1614
6861
7408
4576
11545
1551
4542
2290
10924
3093
1212
7454
10197
3914
6716
5690
9068
7900
8937
4752
12265
3296
4808
387
9516
3098
3248
4890
8308
5863
689
12729
11035
6062
4631
8573
6964
6073
3558
9928
11261
3334
5216
12942
12982
4155
4988
6546
7951
2437
3829
4510
10395
10940
4011
10845
1768
5982
9571
7751
2975
11344
2326
8618
9888
6182
3733
7488
1491
11572
176
2634
4306
4502
7961
6273
10353
2089
8589
4995
7725
8770
6295
1873
8106
12327
10980
7311
10091
1759
4100
6651
11311
4868
3623
4089
9814
5679
99
2691
10869
9457
5954
12686
6376
5059
5631
4713
8047
157
10002
1782
2983
245
12874
7889
1623
2664
205
5056
7919
3193
753
3191
8242
5667
1840
1062
4324
3367
8204
11382
8841
10590
1131
10440
780
5185
11551
6797
9897
9659
11796
1279
10548
2967
3382
4633
9488
3249
10718
3996
12028
12847
6371
1827
3784
1465
2744
11530
7429
10601
11639
7167
5592
10511
5212
392
6495
2714
2644
4926
3408
11924
501
11808
9964
5725
10795
6720
5439
1802
580
8524
3655
8208
1182
12549
10550
2780
10305
1737
2732
12061
5346
10613
6548
4912
6031
11068
2576
4319
1548
6308
950
8862
9783
9014
7587
1628
12280
2268
3863
7957
8168
5000
811
8209
6864
3395
509
2247
11878
12993
4488
13059
4644
4361
968
7882
4475
2658
8914
9662
4342
8977
7
6058
7696
6927
1038
2226
3767
2772
819
10700
5459
6992
2397
1589
6383
7249
9178
3167
6917
5497
4683
11172
2381
1559
12402
9852
3966
4452
5939
2252
6456
9598
623
3823
6493
2981
12665
1402
10342
12620
9630
10728
9080
12075
4954
10684
10165
11658
2395
6090
6540
235
1119
5657
9978
12458
7790
796
12122
900
9869
4491
6507
1454
5422
2486
610
12948
9396
12958
9566
3060
11119
933
4231
8231
7440
3372
4893
6695
7442
1658
9950
12363
7168
9242
2342
13051
1000
4021
3727
6189
5812
3374
2039
635
9163
5621
3526
2147
4032
12190
875
2723
10560
3770
488
12431
6402
7056
5998
12406
3050
9904
6738
13101
11528
2614
12774
7817
267
1921
12238
10383
9577
6242
10438
2507
12412
1002
10651
4815
4928
1476
10770
9145
2446
9705
3940
6539
3205
7096
308
7990
728
9746
1887
5015
363
7078
4546
7264
3694
6187
11850
11012
12499
10102
8879
565
3017
6642
7400
7557
1146
11798
2666
5562
3650
2354
3842
7275
8987
82
1975
10890
2734
25
6610
1894
8975
8968
4936
1919
2079
1351
4042
4519
5840
10853
3198
7117
10366
1957
1545
4531
10227
3992
1760
9406
12628
1229
1423
10835
1341
6472
595
4541
6785
7262
9754
10467
2245
11617
688
6547
8390
11161
4610
9634
5926
8515
751
5296
8921
10599
2826
9258
10841
5450
3159
7546
3168
4210
11487
11169
9378
7354
7255
5999
11693
12811
9505
10133
6105
7695
10514
10340
923
5353
9586
4646
1360
4659
946
3094
2450
12256
8372
12236
12002
2745
179
10804
4729
555
12667
5131
746
2424
4854
2233
3836
2811
9072
2725
10951
6528
11522
10772
4190
5959
12434
2001
3230
5370
4086
9309
6040
8179
4588
10773
1447
10402
729
11165
9196
6974
6971
5922
8054
3503
5192
12196
3856
2313
4304
8764
7759
12036
6982
4567
134
7518
10335
6921
6250
6337
8682
6803
7615
7858
6384
7487
4165
3467
601
2202
11294
373
2470
767
2525
8347
4837
7018
7313
7417
775
2796
4260
6654
3801
3857
7903
812
12426
9482
7874
12302
4980
2599
8223
8518
5174
2492
10742
8536
6140
484
4609
4922
12482
11130
1799
1110
2698
5782
8712
8292
4967
4529
12400
10181
7623
12612
8793
4830
8349
491
4977
8557
9887
7898
4751
6306
4271
1816
4793
5610
11200
3985
10293
6437
4684
10432
2947
8996
8530
3109
5643
12744
8488
2710
8229
2500
4409
7053
4402
1911
7494
9388
3341
9930
4396
9311
3451
7245
4759
8116
12460
10973
10978
4494
8830
7962
1485
10905
4386
1156
11783
3440
8055
11290
12876
7144
3311
3795
8585
7965
5963
9669
12275
4888
10454
802
3331
7099
1256
894
7576
4562
5169
11370
9816
12900
5645
8950
6323
8911
9828
7164
1882
1081
4607
5416
6135
3540
6358
10081
4822
8655
12097
6372
7382
1813
10349
5664
9985
5792
12070
6883
2280
4757
1252
7689
3021
11843
358
1635
7133
9809
2069
8470
12242
2779
8134
545
9607
2292
184
5117
11187
7777
1316
3595
5121
10218
1306
2108
6467
7941
6266
1798
9977
11595
12779
6994
7366
11047
9440
7897
4382
12808
10598
1302
10976
562
7637
11632
2375
6925
5773
12669
3751
3824
1568
9166
2053
5232
10713
6087
11868
338
3969
3287
4626
11703
8768
437
6813
4301
4206
7304
7122
3377
2570
832
7140
2752
9632
4506
98
13049
1403
5856
7479
11988
1554
6074
4750
5569
6519
1553
13082
11154
7484
10622
1455
11936
5837
12207
6735
11331
10151
3430
7668
6085
10351
12913
11839
2768
12558
11916
5037
12668
435
12987
361
3766
8323
2838
8405
11005
1893
11189
12495
11224
825
11804
9439
1413
5331
9059
1849
10946
2987
11889
8685
3840
4352
5189
3750
10705
207
3126
2362
1943
2267
1684
3487
6650
2737
12273
12331
10329
11695
4033
9422
1859
2438
5687
1441
11396
11064
653
12025
8319
5303
10530
13088
12000
4322
11563
8302
8065
11698
10712
5060
4193
3251
7496
10409
5750
3964
6711
9209
7470
5572
8938
10253
9792
11378
797
6313
1481
8596
3616
6050
4294
9761
4616
9425
4861
10314
6889
4432
2426
1616
12478
3560
12817
4280
10194
6042
10315
3384
4594
3102
8876
1891
9230
852
10394
8469
9299
6935
199
9655
7869
1962
8697
10950
217
8850
4343
10785
5127
9086
519
11126
1363
6460
594
12149
6756
6274
7124
1231
3517
7917
7326
10715
2344
1201
10331
4621
8511
8823
12852
7760
12259
6742
6464
9334
8036
4735
9052
1075
2512
3772
12689
4895
8351
11464
9046
7286
23
4291
1598
2312
12898
6271
2522
2261
4350
102
12984
2907
421
7723
2304
7179
8832
1433
3986
12720
10740
9629
7512
1280
12573
12189
4230
599
6639
12092
3034
3941
7989
9368
3582
7801
12159
4391
10668
11446
3173
7922
6102
5351
6276
12589
1364
12018
12826
2979
9414
12607
5771
1740
13055
5089
12132
5329
4777
5981
11280
9303
848
198
7214
3602
2977
5407
4093
7176
671
7288
5798
10908
12184
5115
3075
1569
3537
9883
3080
760
8203
2203
3400
4166
494
3446
1122
10889
10376
998
9321
4414
4060
1248
10816
2232
1434
8260
11801
5788
2978
5432
4057
3971
7675
11670
750
782
10414
11208
5677
4167
6432
12941
12959
10510
7791
12606
11234
12417
10202
9639
6143
4632
9082
4099
1800
10746
8497
9468
1030
7936
2565
10571
11472
9234
4072
843
10047
12964
12848
6199
12436
7799
6302
12144
11469
4139
8399
130
3734
11204
2709
13091
12179
2821
8960
5297
2585
1009
12752
10269
2279
11969
5586
4789
12390
2685
8993
7390
1672
5802
6875
10093
6169
9077
2129
8400
11247
12388
359
2611
11971
138
6171
10955
12731
10634
5601
6521
8934
6396
7227
10737
6634
12512
12046
1522
10290
12798
11292
8183
3712
3069
10577
2476
5529
6195
11393
3199
8731
7863
845
2899
864
54
6361
13015
10619
10334
12735
11879
3747
10698
6475
2072
7843
12866
8981
12339
4370
10813
7469
2650
8733
1839
10136
11079
5363
4179
11678
5881
12799
12392
2913
10072
4556
11347
2159
5143
6219
10074
1093
2018
10641
6969
4762
4047
10578
1026
12621
5409
9180
11865
5277
8566
4712
2793
7590
7726
2484
11461
11973
6066
2911
8694
9442
5420
7960
7017
4740
5361
9588
7427
805
3362
6061
978
3601
1812
10385
1046
10820
2727
2076
6952
5493
11238
1170
1670
12842
12500
11083
5738
9690
7629
1666
6678
4983
11952
2661
8277
12325
1151
9942
3718
8052
382
284
7879
1972
2520
4992
10611
6983
7547
10478
5418
4894
7563
9322
3229
4972
9478
12695
9000
6051
529
5703
676
11732
5499
4680
4038
5803
11490
8421
12138
3538
7597
7014
5386
12261
4836
7394
203
1940
1989
4247
8826
5042
8772
9563
4107
33
8683
7826
8189
10073
804
10167
2923
10630
2413
6779
5388
987
4635
5449
7500
11398
6545
3825
8736
9833
8900
35
891
10780
1022
6671
7520
10645
5890
12103
6200
11443
12278
12786
10947
8029
9520
905
9373
11751
2542
4250
3000
3134
3614
9319
6840
5317
3579
9043
4617
2968
7413
1357
4812
10901
8057
735
5733
6981
9458
12260
3195
10840
1193
11995
4783
11160
7169
7431
2340
2465
1069
4202
7800
3777
12185
787
12254
7407
2175
11900
11070
5672
823
2303
9765
1058
6183
5276
7731
11708
736
7660
5451
9567
6724
11484
8250
5073
4311
9898
8537
1124
11778
9460
2563
12067
7377
11178
10559
76
10286
1758
524
11599
12545
9572
4153
4297
5130
4114
12444
13089
8678
7838
1708
5885
1510
5558
12202
2384
4958
4029
3016
9366
3373
7374
8049
11268
12832
2177
5538
8393
5180
1165
1954
7471
7693
12644
6977
9419
4066
6562
2886
7340
10121
8878
6553
4429
8702
3192
7482
2795
12319
11027
1380
10172
8880
1466
5052
890
5088
9387
5250
1242
8728
10723
11243
10801
295
1162
6426
11587
7786
1688
5446
8315
11366
9104
4915
7674
2191
7191
10043
13056
11313
4813
6707
7633
9402
12996
4105
2844
10807
11588
2320
3901
9115
8994
4015
2333
1315
10066
12006
6557
2178
7490
4435
2165
5464
3551
5944
12032
11471
10183
6597
9962
7438
11129
8082
2940
4431
9356
3635
9999
2095
9001
9205
6965
6369
6725
8869
10224
4950
11872
2830
1300
6881
5271
11919
1407
7127
5801
627
386
5628
6112
6341
3864
12156
5230
8848
11489
6089
11001
13012
4110
8956
7002
28
10747
1721
9432
11346
6801
4160
2999
535
12342
12008
8435
8599
11459
4670
3812
12220
3224
4171
12991
757
4859
2578
12419
2717
10987
3112
4602
7890
10033
6088
11729
5783
5066
1400
8486
5227
3780
3596
8476
695
8398
6609
11030
7571
9843
5993
4791
12871
307
12045
10261
12706
1311
7729
4864
8330
5102
2607
12323
9681
5461
12810
4578
10445
13097
7692
11750
4495
10751
10242
9781
4625
1308
1283
423
5842
10149
11244
1875
12505
7718
1517
10643
2406
7836
8245
1277
719
7064
7864
10967
3705
2400
13087
4159
4263
10346
5838
6281
11420
5930
8464
12486
4548
5286
11201
8696
7220
11577
8717
849
297
6139
9
10186
11853
11680
1814
4058
2788
7667
10429
8092
4780
9398
12859
11593
8939
6541
11216
5769
3776
3916
7670
2391
8664
8050
9979
436
5747
11168
8512
11802
4727
1703
2015
11733
4530
7039
12807
64
7130
4282
5172
1458
3818
4733
4591
8701
918
9645
51
348
7184
12726
8897
7222
10608
9018
5756
4745
4597
6287
3153
12037
3082
889
955
7508
7832
4477
9350
3642
9698
4474
11438
1952
7358
5894
568
6505
4002
8161
3999
8111
4742
4345
9063
6857
4351
7792
3257
3383
1443
867
6962
6038
4149
5364
3847
124
1207
6063
12346
2501
12206
7363
5454
12710
10019
4731
1226
6215
9596
5804
11316
2877
2963
967
165
8388
8856
5778
7778
6515
8184
6873
2592
6003
5294
5377
8959
8182
6674
893
9130
5126
10084
9924
10932
2950
8815
12768
2228
12119
5651
9848
10739
6318
3843
8748
2217
8760
3929
3298
5468
5968
8206
4568
10547
12915
3258
11369
1829
2527
247
9851
11491
350
842
1832
20
3279
3236
11320
10670
6
6286
7924
5389
3350
6335
8197
11533
2189
6368
10523
4120
966
696
12107
692
12204
5423
6327
7976
1817
919
12961
1664
9207
11764
4884
9538
8423
380
5649
2167
2936
5554
2880
2221
11994
2097
2677
12477
4132
12575
9375
5620
2806
1014
2005
5326
9177
6706
8963
8724
10271
5946
10390
11542
5207
4388
2870
9270
1310
2102
241
4600
6693
9810
8352
5916
71
6972
12756
8873
937
8193
7688
302
9220
10606
7816
12765
8564
4569
11582
5696
6606
187
325
12691
3059
2595
8039
11793
12580
12474
5401
1884
9649
11604
10644
1374
3963
2475
8395
6957
5692
3473
7481
8687
9221
3528
275
4769
2720
5652
10518
11026
1160
10040
1968
8778
8453
794
2609
1379
317
6346
7776
8952
3626
7698
3494
10105
11272
11186
6998
8345
11188
12029
129
8834
10219
2385
9963
6950
4561
5496
12629
638
3851
7243
1862
8671
10214
7088
3609
960
4365
7933
9585
3510
3428
1138
12421
6530
10617
6920
5083
13102
9720
3858
8546
12026
1694
1301
7636
11932
11230
3584
3580
5478
1530
2360
5718
6504
5552
9813
4985
10347
2970
12797
463
4389
1339
9061
12634
11263
3706
11330
4340
7678
7854
3506
10917
3465
9183
400
60
7447
9982
7016
5985
5473
2002
9948
6208
12886
3239
7650
1116
3283
8078
11591
10421
12973
11493
6134
6345
5226
9643
3671
6260
2070
6734
1463
8051
11452
12294
6403
9766
279
4743
4618
1475
11218
3284
7345
2682
2669
2854
426
4927
2849
11626
9767
7979
5919
9711
2665
9920
12610
1730
916
8136
6091
1195
656
9511
1537
10160
6259
7833
2635
1148
8281
3128
11032
11174
5925
11194
9364
10673
8465
8639
11581
6876
2719
1681
13039
13001
681
11289
1236
2151
7074
11061
6637
6712
3575
2600
29
1704
13047
9812
12134
9742
6550
5275
10609
6423
3170
6106
9011
2048
5428
10148
8606
9995
10420
8293
5805
1188
1130
10208
30
6125
3872
10933
1885
2114
11193
13024
570
6296
6198
3912
9098
4699
5770
1276
1579
6245
10829
3799
3586
3303
9456
6737
7815
1896
5879
9360
2761
2251
1853
10692
5851
962
7564
3607
6128
3677
3041
2156
12523
7521
7393
10442
11970
11559
7327
718
8949
3826
3291
5411
8457
1064
6766
8541
4296
11565
4463
6878
10815
11905
9121
5795
2871
4115
1220
1540
8612
2439
8425
12381
4799
9372
1098
2355
4235
3104
10124
6708
664
5701
8925
9433
10569
12301
9524
9894
2767
5433
8756
7710
4357
10067
1095
10412
4374
3755
6760
5270
1825
1846
3003
3888
12562
6589
2555
10631
6362
3142
8877
7595
5307
4662
9194
6653
7465
3437
1414
4258
4223
11724
9164
11780
5561
11356
4862
3073
1691
5387
9958
10489
1472
11727
12287
10295
10319
2373
10410
6190
7302
11603
1593
11569
12839
2773
5603
3318
2958
1953
9886
10953
6807
12240
781
7753
8608
4965
8005
6497
9500
4694
215
2655
1164
11327
3810
2358
8021
8651
2300
6819
2986
4172
11877
8676
1811
3025
556
6633
5047
9089
10191
1855
1630
11457
2548
11310
10762
3943
9257
10669
1107
8715
698
7805
7680
7351
1385
5412
5018
9167
5235
4134
11203
10276
8266
1031
12585
1161
2904
10759
5896
10730
3409
5844
655
2506
1092
6360
1580
1168
8353
8560
10159
9144
7540
8384
206
4910
6463
5938
8665
920
8763
4707
5532
3956
9347
6893
11341
12627
9605
10719
9069
12199
926
50
3477
8822
10381
9518
12399
12079
7486
4703
7652
12586
4052
2043
1615
3076
1563
11036
3703
8510
12373
4419
5253
486
9101
5575
1211
10501
9959
12208
9793
10702
3129
8176
861
9750
3225
9749
3866
7319
4951
1810
3541
5330
12370
12926
1489
8786
3175
7943
3791
2815
1150
4460
7046
3807
936
8587
319
7658
3630
1430
9751
1863
10974
4969
171
9005
5585
8322
648
10672
526
11259
5897
12754
4262
1032
11018
11688
7997
7298
4117
9100
8006
1362
4763
4952
1074
4335
3658
8898
5845
4819
330
9331
6206
8326
6474
7772
46
12822
6013
6941
626
1903
1089
6907
1542
10649
4449
9523
2294
3974
4608
10826
10509
543
2990
2784
10048
9937
2143
11607
11128
1469
6942
11683
6991
197
1905
6884
5469
9441
9293
4999
12688
10750
2262
305
4048
5168
8644
8154
12517
12015
1557
1874
3381
7697
1930
4184
4814
9864
10582
9517
2896
12721
2185
5457
4224
9147
974
11958
1203
11512
10291
3276
10991
2012
10744
8259
12485
3562
3294
6142
1087
7346
9392
10962
2020
4518
7665
9693
10727
11940
3378
3902
11069
3546
766
12682
12935
6394
10300
6701
1298
3019
571
9053
1330
7511
12274
4929
1337
11286
9732
5239
11869
10707
1051
1494
6048
11735
10012
140
7846
783
1990
1332
8840
9179
3549
9264
7350
5581
3686
7201
5026
4701
4846
6137
1052
12379
3959
7013
4135
11240
7686
2316
11142
5371
3457
9426
6303
2805
11665
12459
2834
1397
10296
2110
2101
407
9708
8181
12451
3592
826
270
1705
896
8247
2190
10367
3955
8131
6980
660
1109
7867
5831
9301
10665
11811
7387
6392
9225
12986
3136
9298
7336
3110
2587
3632
9724
8935
12180
4708
1767
11328
6443
3759
3793
2902
10496
3670
7360
9879
6663
12435
6483
7420
7975
1115
3782
7282
830
1644
3725
8031
6399
4650
12515
8915
789
2277
11901
5335
5341
1508
11578
5670
1199
7967
12943
5830
12917
9296
12497
1656
6007
4453
122
2480
4466
7235
3307
12300
5175
12155
12022
2196
8592
3147
13041
1566
10330
4404
9653
120
11871
1963
12683
1114
8661
8842
11413
7143
229
9770
8964
9906
9472
12090
10956
10906
12640
2106
12983
1786
11675
9445
12719
4188
1519
7005
5440
10655
1267
1538
11605
10109
8040
9280
573
1560
4971
10552
12911
9525
11631
6601
10031
11432
383
11513
7532
2253
10657
6619
6185
4168
6272
1741
5611
8153
9210
6405
10763
11933
9903
5093
168
2707
9222
11815
2513
3087
4471
12636
1426
5638
1998
12860
4255
4565
4841
3724
1470
8098
1834
6850
9313
2776
11881
11058
9204
4986
6890
5016
7568
8406
1320
2121
5535
10003
7244
10838
3783
12747
4229
2539
11075
7247
11376
5521
9477
10161
10640
10632
12066
3144
6489
11275
5587
7912
12901
7601
12533
8971
4689
1525
6973
9853
2033
7197
10201
10914
11716
262
11756
12502
4327
10895
7312
9259
2845
9604
4690
355
11057
12394
7624
9496
1406
3091
7461
9201
10427
2377
11192
2434
10714
11737
9973
564
13010
9672
1498
1889
10320
424
2608
11697
10972
11149
1132
8806
1886
6486
315
2792
5689
4380
1654
3716
8411
139
10687
2021
2248
12995
1532
11441
4362
8151
9539
5608
4797
10087
12071
1088
11260
356
4755
9415
1611
5337
5383
9009
9703
7000
11385
3625
61
9876
566
6574
1486
5483
6025
13081
9409
9135
4264
4420
7950
13092
8943
621
11935
12548
5630
9602
12437
4318
4456
10556
11669
4440
5835
7397
3272
12656
12506
12809
13109
7295
1159
7466
2386
6099
1804
11866
859
10252
661
7844
10797
3598
9199
4150
4994
6554
9343
6989
5368
3653
8540
11486
7012
4524
10234
7175
3095
8679
2361
4312
2604
144
2168
2223
3931
11672
2930
159
9956
439
12618
10981
1068
4593
10166
1221
4639
6168
11553
3376
3368
1369
2374
6498
10060
8942
6558
3483
1851
520
11892
7626
4270
5288
5847
4523
3984
1515
10743
10389
9842
67
8913
10654
10275
1086
6936
7634
6136
3035
1383
2046
2345
13014
4941
6598
5374
8633
11608
4979
8240
11894
2197
9261
9200
4923
11857
12117
13018
8467
2083
9211
8979
8160
4355
7468
357
1183
7003
381
1285
10137
3833
12368
7240
11627
511
8845
1504
1908
11042
8517
6886
5927
6932
7483
4415
6928
11214
2393
9113
9706
8000
8761
7592
10282
5135
8133
9806
6527
397
12210
3278
616
11143
8473
4009
331
428
11195
11423
8929
6434
911
8601
4084
2657
3645
6789
12647
2850
9921
6081
1123
1523
8945
6854
2160
6298
11148
1603
11623
1418
9805
9424
8108
10237
3469
3292
5757
3636
976
9615
9971
3661
9465
902
7604
10945
1257
4498
6348
4772
6534
123
7530
4942
3588
11960
9453
2364
365
72
3536
456
322
11812
12142
13095
1449
13054
57
2671
1956
272
10861
9394
12293
1648
6909
9193
3357
10266
8268
11137
1404
9952
11453
2701
6325
11100
9027
6775
478
8030
9590
6366
12447
10505
1424
6283
2029
7921
11080
9707
8180
12891
10211
10836
4856
3156
8490
5755
4182
7853
5685
7868
12869
8246
10823
148
12611
2274
10310
4187
8262
5784
9762
145
3324
5537
2532
109
12453
3932
4253
4039
4881
8156
6469
6832
12794
12789
2040
4605
10413
7618
10709
9803
569
3648
10796
6015
7594
7178
10843
6828
5053
7234
1432
3606
8590
3849
886
7433
12243
5905
5050
4183
12631
12909
12403
9329
9107
995
2498
4124
12963
3046
7541
8890
5857
8810
2412
6862
4177
3013
11485
13086
3991
1713
5425
3978
1675
3548
2628
10317
1259
4717
1671
43
3185
1367
7151
2206
6244
2471
7108
2149
791
12894
5471
5528
12380
3246
2667
10044
11592
3309
6117
9160
2489
6344
9365
4877
12543
8010
3033
2332
9895
5762
3417
298
2236
10164
3201
7952
11235
6683
12784
8226
4303
3948
6723
6968
1342
572
6382
1980
10633
2310
9658
12532
10696
1241
2960
2067
8359
7513
2868
838
12566
6841
3226
1909
3950
6320
10701
7307
4113
11190
6100
7901
528
12276
7236
504
3854
3907
11691
3831
10377
5731
982
4346
7383
5903
11913
9487
7635
2731
7983
8412
2278
6726
3266
2883
10918
10162
9181
853
5596
7170
1243
12110
3853
11786
6468
7755
8155
2602
10639
2402
714
3162
2646
7847
5181
1099
4658
6776
6880
13064
682
3259
7271
5147
7873
1094
1895
4486
4636
3789
4953
1129
9676
1431
5125
93
4092
3542
12881
2430
8205
6665
6056
10968
221
1888
10263
827
9540
7066
12920
3079
10212
9157
3359
11059
10883
3520
7335
5676
7734
13061
5550
2898
589
9601
632
6784
10039
3504
2457
10466
12308
5810
6477
9471
9312
12916
5653
2240
683
744
3202
5214
11550
8966
8126
11629
6808
8944
3738
3637
2966
10075
11967
2803
3928
3960
5824
11056
3698
3024
5001
3253
13080
10011
12439
7519
10830
4023
10779
1249
3152
3468
10232
4679
12169
2103
10289
483
3730
375
8270
11492
6673
5347
8348
643
5678
10983
12745
12875
5751
8275
9489
10373
4076
11298
5986
2184
4333
6621
8625
6095
6147
11496
49
4067
2888
10226
1974
1253
11682
1377
7212
11955
10107
10065
10752
5046
5122
5707
9421
1372
5435
11167
2893
2224
3118
6406
2920
4381
9300
12052
3407
2037
8568
7807
11250
7862
3210
5732
9646
1073
11403
2044
234
953
10814
12661
7536
162
8067
12803
416
7984
12700
3045
12065
11956
5852
12608
1077
2107
13094
12073
11731
5252
11015
2867
4866
12795
7757
11818
13079
10943
11945
8936
9545
11209
4006
5860
10620
11775
9637
11412
10988
12131
7426
10733
53
9291
9374
8058
6963
2491
7344
788
7331
12662
2119
2660
9463
1948
6439
7090
12622
9996
10605
2689
2466
10299
3594
5911
958
9845
3788
8103
4005
11021
4418
903
9970
264
415
12592
12176
11317
13093
8087
7716
1673
5641
2601
10821
7766
5948
6251
9712
6731
9661
3316
4036
3037
6688
3773
6748
5644
10650
1627
6552
11911
2058
3570
12796
7959
8627
7804
9447
6953
7022
6233
5508
6643
8172
5443
7080
1604
9123
1309
10288
11305
9060
9438
6945
3561
5987
6888
495
2493
2469
9881
3898
11442
8214
6511
1228
309
10154
11829
7155
11488
705
6016
7213
11558
11848
10449
5992
6054
9290
3946
1296
10216
1959
9929
1350
9631
596
10486
975
2961
10436
8090
6108
5570
5609
4803
7251
4379
5220
12990
5061
10415
3900
12660
12831
2571
4406
2584
6009
4181
11993
3096
4559
11101
2084
12487
5706
11663
5991
6676
7379
2992
12082
5867
3808
10898
4517
5342
672
7424
4932
9591
7009
9358
560
11368
8519
6094
2903
1621
6413
7050
12755
2405
11584
418
1208
4938
1774
12195
2201
846
9679
13063
3859
10408
8217
441
4016
6834
9302
8584
1687
2639
5618
80
6419
385
2554
10580
12353
11711
6349
2139
7627
12812
8409
3119
515
9110
6626
1273
2305
4121
5928
11546
7910
6297
5995
4747
7273
13068
341
7051
8023
1462
11990
6529
9777
2418
4787
11112
5150
3593
11364
12224
2276
694
3240
3275
1127
5427
12203
2941
5273
11656
1668
7929
1793
8124
10354
11787
6391
8506
4164
7418
10904
7372
5488
2820
2706
12602
193
8382
5557
3678
1794
11651
7171
3055
6079
8429
1772
9435
6359
9859
3756
11108
4242
3005
10431
10446
11673
10258
6645
11746
915
1727
10041
8032
11219
10333
8923
9246
5684
9008
6431
7648
7543
6237
79
7978
1205
8681
8640
3120
1932
9713
11418
7671
8013
858
7297
1500
4180
4721
2000
6221
9417
6153
12183
9694
10679
7219
11340
1629
4725
12367
11450
4571
1049
12825
7177
1438
6930
8145
7323
1313
5779
9370
512
2645
1104
8434
12344
10213
11962
8456
12498
7238
4696
9002
8616
2045
5069
12814
3731
2946
12762
10078
9004
6454
2949
9248
5034
12191
7582
12324
5973
5396
11322
11445
12281
651
12171
4091
3330
8088
8693
8489
6569
8070
4001
12248
2157
9382
3447
6390
169
1012
3707
2798
8504
5841
6447
2816
324
6689
2010
7103
4550
5686
3360
2994
6929
7657
12345
12473
9260
12362
2945
290
2130
8279
4286
3802
3310
6736
5817
2376
1926
7849
10591
11614
3880
5734
1561
6322
11266
42
2263
11362
12723
10416
12759
6275
9564
8271
764
9108
6791
9390
3739
9965
9479
11232
12582
12465
6682
9549
4647
518
5430
4317
5158
9105
9504
9600
12039
8649
11067
1596
8061
1864
6669
2508
10255
5413
9202
6124
1900
10994
2638
3667
10774
1754
5365
12086
1729
11481
1964
2174
9915
1838
1043
5263
6222
204
973
3861
6792
5007
316
11928
5507
9808
2769
6946
878
8957
9764
8542
6132
1609
685
6866
9981
5084
10731
7870
5198
4369
10688
10909
12467
6331
7676
11638
1055
2943
12043
740
2036
9798
1897
1090
10729
2836
5196
1714
6603
10961
9109
10022
6997
8034
9789
11257
12433
9994
9674
12452
3022
6176
9547
7605
6365
8152
6367
3838
5231
4397
10526
10498
12827
12833
5814
12845
9949
12311
868
3860
9551
11929
4508
546
8251
8970
7071
9393
8394
2210
13017
5794
1652
9527
12583
6192
5902
1653
4053
922
6224
10034
10949
12095
2530
1836
7958
11720
2610
12692
2183
2478
4549
12878
11830
3760
10958
9635
7761
8684
3366
12593
4014
7254
1549
5527
6101
8554
9076
4019
7158
9184
8723
7733
7138
5796
7139
13046
4849
9849
1582
3710
12063
9307
12424
3321
1496
2403
3353
11874
4705
12040
6882
2327
12975
12490
3105
11907
362
7964
7310
4007
11053
7565
8647
12884
8367
11646
11882
12714
2777
7432
6566
2910
8591
12383
6542
4957
4116
8919
1511
10471
11010
3905
10326
3171
2136
3063
6385
614
9139
4804
10667
7810
10499
4719
3038
4990
11392
6887
2468
7621
2561
7953
786
6289
366
10268
4392
10455
9838
3042
8387
12257
8990
7058
4520
6470
9461
3031
4547
6931
9408
9064
2746
5990
8303
10583
5444
11055
6502
11329
7739
8700
667
5038
2568
1134
5918
8081
1784
323
7119
921
2351
904
10010
11568
3610
10963
5072
707
2041
11291
11269
10928
4273
11430
727
3151
2357
7403
6660
9195
2712
7861
9091
11097
6995
3736
906
12386
1017
9187
7475
8551
8638
6211
7809
7708
10567
12657
2775
7881
6750
12064
6334
3728
7848
1649
5714
9573
11640
11806
11409
6794
9274
11227
7549
1552
3484
5551
5380
8821
372
12637
2577
2878
5786
9285
11470
2353
11622
10256
9625
6640
8843
9822
3961
6436
6400
5012
8033
3870
6769
12336
3552
6721
4208
12333
8796
4656
10301
9316
4293
9966
6138
12793
2735
8629
2843
3954
3787
9722
13034
13
6685
9429
6072
5299
6292
6825
11043
9236
8839
4886
2799
10397
6537
9276
3972
8200
4199
255
11660
11166
1868
12215
2022
9697
10549
2074
12957
9036
6984
9214
10141
6764
4430
3973
5542
2754
5712
8549
1937
863
8604
11954
1696
10803
6353
3897
1586
5748
6193
12557
78
2111
10298
36
2463
11736
809
13035
10930
12862
6976
11363
641
6023
3953
1180
1801
11814
2323
3640
1392
10249
191
2649
9510
7224
3764
2420
821
485
6839
9320
8230
7266
747
9143
9344
10656
8500
7612
840
6668
1753
11111
12446
6280
3029
9191
8598
4482
12713
10108
4545
6691
12130
9174
1005
6509
4842
12170
4470
2392
370
12702
9802
8641
8026
7308
8357
1938
5141
6615
10071
4505
10155
7057
620
4722
6855
5043
8613
5385
765
10209
7905
5888
10600
10724
6312
5809
3068
11666
10875
6842
9318
4298
5138
2215
5980
7092
12524
12335
8953
13057
1657
12139
401
2882
11552
12544
11516
7497
11949
8253
11831
9116
1041
7062
3286
7495
473
9872
7125
12679
10363
9714
2366
4572
1661
1988
11348
7279
5627
4824
4702
11009
2823
12654
8895
10965
11006
69
6326
10896
8916
8853
9622
1196
6288
12154
9017
8999
3889
3722
10090
1428
10575
5821
7606
7622
11211
6846
5793
7970
8481
6227
12569
7478
5509
11519
9506
6236
7706
10104
3243
770
5850
8385
12407
11826
2851
2341
11411
2932
4697
1861
9961
4410
8424
9648
12369
9385
12749
3578
5614
6488
3471
4401
5934
4378
5582
1389
1781
8228
9283
12150
1265
1155
2396
5724
11797
1334
8727
10576
3216
7926
1435
2231
9335
2350
8791
8439
2847
11774
5300
7198
10566
5234
1594
3470
10519
3209
9574
1108
1935
8808
1445
6165
4554
4723
12835
5913
7902
3008
1442
10794
5760
8337
6309
10851
1468
4899
11415
722
2833
3566
5274
4191
1401
2399
1446
711
3781
9513
3844
1955
1869
10147
4156
12985
6571
263
4905
11718
8522
6516
6317
246
1987
6575
5646
5242
11620
4674
772
213
1495
8447
9768
2733
9592
7894
12805
756
12972
6715
8811
8305
4798
5862
884
9663
713
9094
3305
9149
1007
8579
10538
8128
3238
8343
12359
4887
7268
7877
2432
3423
6093
9826
6210
7831
11791
8381
5044
12760
4904
3215
4122
7218
5447
2301
1493
12004
582
12709
7091
10662
85
5512
1353
2382
4909
6594
2452
7395
7556
820
9431
5233
1270
10769
10118
458
11873
5853
11821
11052
10177
4069
10378
6879
11285
9324
12645
10592
1951
11983
1118
2651
218
6145
813
8286
269
11458
1622
4643
11054
306
5027
8329
8158
12737
3910
1157
11
8946
8109
3438
7216
8163
6478
4003
8192
4509
5516
6629
12053
4315
7883
1295
2613
11549
4940
6533
9980
11909
12739
3010
2193
1378
2244
6422
6538
841
1126
9862
6572
7840
182
4773
9738
941
8886
1258
10999
12718
11251
7285
5654
3412
2846
1575
1135
10912
6954
12767
9170
2739
5705
11984
6324
6772
9854
11309
12470
5477
11202
6314
13070
9084
10539
11986
9737
2764
432
1268
12753
4078
3521
10379
7070
9062
11799
6513
96
5612
9951
1245
292
8015
5200
9613
10130
5419
4075
9955
907
1262
7256
6778
2122
8751
10362
12292
9152
12410
11381
11635
9684
12219
7068
7010
1807
7774
7114
7808
4226
3815
12077
8222
2593
11198
5149
6811
9279
733
7764
8314
12088
11855
7111
6570
3896
8740
4422
617
8552
5070
5531
11719
4959
7699
326
895
3779
1543
5520
2759
3813
6415
2187
6261
8022
11249
8926
12166
8527
9156
12173
10000
1646
7036
4030
8543
6843
7371
5974
9535
10372
9263
4
3893
1317
5393
2927
9817
3608
7260
10356
3256
3344
9536
7591
7818
7842
6264
1479
4050
8669
1583
7596
5819
604
6480
3997
7871
4778
7795
675
4175
12298
9576
6818
13030
12614
10016
4070
4240
578
10024
8887
7229
10247
12651
1153
4801
5514
12509
12279
490
7450
9675
8298
8362
1072
7880
6625
3117
5884
8325
3654
303
10565
8019
1060
7277
12337
6316
4848
3141
9407
5258
898
4339
11583
12483
6773
4490
12697
12371
2238
12334
6122
9003
5246
5907
4359
11596
312
2766
8190
1852
11379
5872
9411
12923
8749
964
12282
6440
125
9380
3472
3547
7095
9342
12200
257
21
9756
835
4238
11789
9821
9124
3364
6503
5262
11473
11696
8220
5283
9717
1008
1809
554
11312
12085
1388
11071
9346
11115
1053
190
6747
9578
7526
3420
10626
1573
8267
4325
11939
4024
12228
8906
12743
1101
13021
3672
12297
5808
6612
8235
7419
11180
12001
6035
6378
10153
2271
2636
7537
4800
8607
1097
1163
7516
6798
45
2574
7401
8389
12354
2365
440
7081
1820
8459
12428
281
1016
1642
3768
8117
2388
7545
9844
4349
12761
10998
8102
2436
1608
10798
6393
5697
8499
5243
5869
7189
6186
283
2740
8149
8191
2086
8594
11921
6379
4436
7992
3474
1174
11765
6871
8417
3830
7061
11524
9162
2969
4996
9055
12393
5739
5632
3792
10595
1503
2474
7916
4653
10825
3684
10942
5941
419
13112
12147
11335
615
7701
4961
6752
9340
10919
7577
3062
6022
7802
10809
3197
12727
2451
12978
2890
6891
815
6226
7052
3476
1467
5128
12527
7934
177
9850
4870
8455
6544
6282
3668
5441
3797
7121
11525
4964
8017
9726
7561
8248
11838
10607
2062
1128
4507
5636
3906
9867
4823
991
7102
2884
11343
10758
5021
5511
12619
4737
4566
2861
9583
11744
10938
1922
12672
10267
1023
8741
5041
1394
11090
8466
3704
5898
4736
3942
579
1240
1778
11842
9273
8256
12187
4245
1373
6659
1716
10536
2142
8257
216
2652
1923
8779
2580
2059
1260
792
10113
13104
7775
1992
10564
12316
12522
1100
8074
5833
466
11050
3313
5546
5908
3981
7683
3643
26
1918
5491
11431
5958
288
1912
3427
3559
5740
3361
5555
6892
6338
3514
8233
1927
1142
40
4640
12778
3380
12326
12124
6381
4385
7558
10624
12420
12967
7746
609
4454
8216
7136
5144
5379
11611
10585
2068
5256
4417
9034
10558
9581
13062
7375
1307
11957
7392
22
9386
2582
629
7030
2370
5112
6577
10433
12423
5530
7855
5024
3702
2144
10119
4604
10350
10128
7448
5663
2866
2128
11540
9986
8505
9785
10304
4627
9913
6116
7773
3169
3576
4784
11345
12516
2241
9522
622
12239
12908
10382
4408
731
5421
7525
4913
1029
1571
7086
10428
8545
9271
5901
3189
12096
3301
3509
10741
8391
6923
12671
6024
10272
11637
12306
11155
8940
2704
6877
633
2460
7376
5873
1506
12626
771
10401
9582
9667
7261
5301
2618
8436
13072
2027
12659
3617
5661
9589
12801
5573
10680
3619
7192
4710
3054
2090
2622
13085
9875
4186
7019
3785
11930
11422
9800
3370
8744
2942
480
4063
4044
12351
3835
9552
12895
9507
5036
11034
6635
12649
2724
4863
6441
12705
5912
7272
11554
10766
402
4413
6363
5568
4469
1534
1600
6352
4425
551
5103
12906
4061
2905
9430
8487
11439
8492
12188
58
10443
12741
3968
9399
41
857
5834
3970
8475
12588
445
1386
5063
3351
10913
4917
9998
10273
5111
6631
1176
12472
5267
12469
8418
5565
11684
2256
11636
2589
3220
11435
8972
567
11616
10822
9957
9268
8091
4025
7416
5829
12892
8328
6049
10757
8686
3125
5662
3511
3879
4478
1324
7756
4775
575
9476
74
6524
6844
5348
12178
3553
5945
3505
6830
5375
1808
8313
992
10179
1027
10588
11876
6110
2827
5261
3072
4484
2363
13074
1679
12968
3683
11483
11325
12951
5010
11451
4577
8597
2909
11121
2133
8291
10020
1412
7654
2683
6827
2109
1994
7474
8097
1612
412
7322
9235
1984
9509
7441
11495
10250
3735
2092
2654
7232
12120
9771
6121
1641
313
5584
5005
4162
12904
12231
6123
10520
10934
1533
5302
3513
3406
7527
7106
4788
9889
7711
5096
5589
1420
6036
658
3181
287
8093
1718
11706
11304
12587
2380
2472
3160
3463
6084
12572
2567
4949
5032
10123
9855
8910
5622
7142
6374
6568
6416
7026
4129
8903
8588
3183
9010
9647
12395
8044
5624
1592
1106
9168
7280
2383
108
850
625
12734
170
4353
3845
5524
8312
11800
12161
12877
1746
7722
10697
10180
1826
6959
7045
2663
7588
4000
817
5711
10364
12290
4897
7425
12932
59
8776
2264
940
2487
11723
12021
1985
11621
2993
2729
2009
417
10490
6755
7503
2371
2265
10491
6937
10244
4855
446
3436
2551
12763
2115
8077
807
12931
7498
2028
11714
1202
9993
11252
11023
3748
12507
577
56
2496
3639
7987
1321
3949
8799
5080
799
6304
8884
4704
2988
10937
5197
1744
7334
5436
4062
13036
8301
9835
9778
13073
7188
6065
4487
10756
10239
7664
6499
4128
4970
3939
175
9787
1238
5156
2908
5199
4368
12751
6874
142
5577
9176
11573
4276
7685
5942
12329
6699
1677
11270
9362
2801
2317
9984
12288
6835
9841
3402
7560
3871
12781
12791
11138
7309
9880
11974
4589
5405
9559
8674
11482
5501
3933
7742
1973
2180
4310
8558
10678
3884
665
8868
4816
866
6947
10260
9197
3720
8924
5566
1488
9786
9497
8441
6268
6047
1773
4831
5075
5708
4244
2624
8037
329
9927
9531
11414
5673
3913
5775
4896
9780
10176
7318
5372
5598
8431
10535
7042
6561
11772
5728
6240
1680
11066
6694
2755
12209
5544
7217
5736
1411
5791
11078
2194
9297
4065
12777
10612
5265
4314
1789
10828
8643
10302
12758
9627
1936
8146
5030
2515
5744
6030
6076
3839
7891
8636
230
9533
1225
8265
2881
3319
2052
11041
4966
11870
10430
4516
8807
2558
8708
9638
2995
10732
527
12019
11822
12454
4688
9024
4734
5737
12309
5781
3518
1901
4307
12489
12496
4468
11574
7422
8440
1513
720
12494
9066
118
2214
4236
2926
11254
10419
2219
9030
12530
5578
12971
3196
10215
10920
2680
9491
4205
5571
4573
10960
12681
8472
11503
2642
8827
1524
2306
2461
7289
10638
12929
851
5893
12217
7199
7631
11405
6531
5723
13016
1333
11934
6407
8775
1219
8484
10911
10001
10217
11523
9871
6033
11170
1082
1562
9339
5208
9624
4599
10036
12258
6130
2813
11825
3899
8498
8068
1036
11521
11299
6008
390
1490
7305
339
394
4383
2237
3827
10755
12685
3204
4872
1214
8461
7641
4667
3245
6790
3365
11807
10818
2922
12989
12927
8907
4664
3765
12541
8071
8909
704
5354
1254
452
8812
7523
178
10760
150
12464
7329
430
3312
10782
3965
11508
6662
11937
8991
7356
121
11284
3155
6157
2619
2239
6216
506
1747
7609
11212
4649
2113
1145
12479
693
4709
8283
13048
2996
12481
9423
3327
5162
4935
8563
4157
8004
5091
1040
4991
3336
6052
10323
2293
1960
10259
5116
12670
10931
11752
1206
12056
5780
5790
670
8747
9758
9846
5518
4536
2082
12633
2315
10251
337
3260
559
12211
11372
11176
12463
10704
7228
7405
10246
847
7299
3850
11832
2227
8833
11823
3786
6263
3261
4451
2549
11011
4525
9953
1971
4049
310
10292
3133
2842
4437
1234
739
1460
12504
2483
1546
959
5453
541
10635
6966
10894
3688
8285
9033
11630
9870
5269
3652
5694
6649
8201
3743
4026
11406
3149
12355
12579
3660
9665
8578
7754
6377
12177
3774
2235
10683
1529
5055
1290
3550
5639
4906
3114
6037
12010
8410
8122
9782
2132
7914
642
10014
5764
5828
9151
7610
2933
4779
1590
10674
1215
6820
7065
1172
10900
7437
3131
5759
1613
12135
1626
9542
8491
12925
10142
3052
8526
3456
4624
5279
6800
5186
3758
135
9873
9327
4611
3203
10152
496
12854
4462
4858
6620
11334
9281
2359
4079
9683
2169
7741
11819
11494
4672
3223
7258
10223
1181
9954
3333
977
10243
1125
9185
11463
2490
39
1682
10352
174
1605
2435
9239
6899
12285
6265
1892
11245
5327
1371
8027
549
4669
6517
11225
12849
10850
646
5324
3523
6999
8754
12167
9484
5382
5763
2807
4290
7020
1015
2112
3980
9016
929
369
5613
10610
11353
12164
2368
2536
8523
5287
988
3903
7399
7085
8624
10399
9797
6256
7736
7491
12828
9031
3458
4283
3065
7767
4094
4596
8458
8280
2441
5108
291
6904
8803
6838
9718
4071
3345
8335
6450
11089
10061
2770
90
5929
5481
3338
1149
2205
666
8593
11650
2757
5345
1484
7632
2349
1204
11664
10094
2553
3255
1660
12031
238
7740
6357
6698
4222
9449
8973
4711
3308
1382
8437
1175
502
10457
271
4204
10977
31
8559
1232
11745
11777
11258
5314
12521
7593
8369
925
4806
5369
9446
1527
2687
12461
12750
12648
4459
9972
12340
5742
10862
6863
1084
1879
7599
8444
7292
233
9466
5864
4840
3832
6310
1736
2517
10694
7435
3433
6457
1645
1453
10570
8516
9467
9134
11641
10903
2433
7148
10453
2765
7639
11531
10464
9250
5486
2785
5106
8800
6895
7566
7666
11704
8654
9616
7131
4055
8729
240
6564
2146
11803
10095
10790
6900
7539
6961
8824
12658
7485
11979
9338
10561
12013
10324
2617
11094
4746
7819
1448
289
3235
12480
5004
11278
11509
11113
11860
188
9254
3329
9692
908
11529
7505
910
1473
7573
2681
7023
9369
8142
3665
228
4857
11354
10767
2509
10768
871
258
3157
185
9192
10049
3343
318
2935
7154
467
7642
6652
774
5709
7548
1499
6933
351
3081
11517
9448
5017
12295
9829
1709
8053
5519
4718
1304
1833
6860
11319
3067
5328
6648
5284
7585
3573
11122
11749
2477
9914
2615
1725
12268
6729
3556
8243
13052
11671
8722
10884
12578
12011
1878
2789
11110
6257
4137
12605
10220
12102
8955
6291
12965
7041
4373
9905
1764
6262
6202
5606
1715
8300
5244
4192
9081
6057
1689
4126
5807
7409
3555
7278
5735
13050
1572
4522
6793
132
10163
10880
2760
4237
7194
11859
5249
5915
489
8550
2526
11741
5025
4173
11725
1502
4781
10368
12012
9213
6783
10158
10703
4326
11903
5669
3039
10537
9277
4028
2411
3221
8483
12262
3394
11606
6387
3
12936
8892
2031
581
3028
4730
2026
349
6342
9420
4399
1981
2105
1384
4748
11377
12992
5746
11434
11880
761
7341
9608
2674
1848
11914
7024
5171
8534
5404
5463
1477
6026
2176
10897
12027
669
4933
8750
11555
2440
8
8837
11014
8420
4851
9858
11185
5107
10221
6410
12736
6267
3790
4108
7707
7048
2003
5254
10849
5525
8556
10848
4795
4140
7428
7269
3926
1166
2778
2032
12510
459
10517
5650
6556
12397
8355
3441
11136
1970
10056
4845
2991
6284
10083
378
5033
11972
1507
5695
8983
7290
8365
13013
4853
9050
10878
11002
9286
12491
248
1902
11118
11827
11359
3911
7193
887
8813
11475
12
1033
5086
11624
2116
11337
12237
1227
1944
3439
3213
212
11281
2419
8194
4272
2288
7783
285
3591
8139
11589
4234
11264
2030
8739
11246
690
9569
5848
8998
3976
2924
116
8001
12003
10485
9723
10337
4158
5975
10502
4398
12974
11065
3923
4097
7215
9078
5526
9992
4615
5950
9377
4367
5729
4197
2693
9265
12047
10099
9673
9689
1263
4638
5356
10441
11436
3989
11943
1898
12816
11649
9289
5282
8137
5889
12537
9731
3952
876
1676
6821
2188
9834
5289
10925
2208
9336
3638
9715
2540
9593
11925
5359
3233
12949
7073
11964
8785
5163
2912
6823
8535
8438
6397
6305
395
10847
8631
11575
1185
5713
816
2367
11613
181
10476
2473
5988
2662
7821
7885
10557
6986
5883
7645
8743
3841
242
6848
10388
5221
913
5479
4623
8653
6364
6804
11072
659
5720
4195
11717
8802
7611
1701
2286
8112
5576
10527
4592
5352
6424
5560
6898
3023
9991
5154
12748
3089
5997
2173
10765
6120
4914
5398
9926
12048
8338
4261
3938
10098
779
12883
12396
10287
11906
726
1137
13084
8366
12197
4818
4692
3988
4131
6319
8120
11712
7034
9159
8452
11301
7079
10892
9142
10789
2606
10604
9041
10055
164
10504
12089
1539
3009
12212
4663
12343
7825
1647
12411
8795
2948
9548
2889
5719
745
5378
4563
1983
1497
9969
5229
12269
12800
8881
8783
7738
8288
11371
5209
265
11662
5259
1821
3524
6837
4467
1636
12625
9902
2572
8857
8038
12867
4332
2545
8119
8930
9158
8360
1978
2063
11536
10150
11426
3600
6987
9475
9560
6576
4878
9819
8997
9747
6751
12905
3744
5225
11022
472
11618
6248
1247
5357
901
4411
5556
9603
12944
1085
6795
3753
11374
12312
1
11239
10793
10138
5290
2155
3277
11985
10143
4883
12044
8018
2131
1338
4174
3371
4246
9359
5074
10135
7294
7700
11173
1102
10316
5219
9594
8284
6551
3057
12330
11679
4873
793
12250
10541
7384
2104
11505
11467
10479
4921
4828
9537
2307
11883
10877
10461
5332
2016
2100
8798
52
3049
4756
4347
865
9734
9355
4973
1577
8422
1417
5861
7948
6573
9042
8738
5148
7291
3444
1354
7649
5292
12536
7806
8621
1381
4169
12555
5203
13033
81
9238
10106
7600
12104
3848
2207
11841
12560
10699
2516
11088
1471
2087
4603
12616
12356
2273
2544
6203
498
434
1272
7603
8443
11652
2686
5797
2688
9088
9901
12310
7160
10085
5429
10405
6086
5634
6355
11408
5460
4720
8670
3979
8196
6710
8202
6452
5120
9719
9807
1482
10458
934
3709
9562
6922
5616
8553
3885
5165
9469
7638
12051
2659
3270
1113
1531
12738
8373
8224
5787
1755
1456
6563
3011
548
8140
11944
917
2078
1356
10831
5466
11279
11397
6763
10120
5455
6161
8710
11276
2250
8195
259
2281
1158
6408
10210
12226
12722
9228
3647
6713
7572
1396
9353
8290
11769
3264
11019
1269
10754
5336
7719
6767
12540
10979
6077
1790
4085
6409
1872
1091
10080
2013
9437
9493
4305
2283
1427
9367
8363
10279
11690
10488
11561
4257
5013
5281
4366
113
5984
2873
11029
10245
1685
2117
1416
11024
5161
7977
11025
12080
7820
5951
4622
7569
4902
4657
888
7784
7359
5825
3699
6677
9444
11965
7476
10422
2787
8304
10231
4145
10418
112
5523
9348
4829
9811
701
5813
7161
447
8690
4267
11141
3452
2919
10495
3545
1347
2145
2971
4584
266
4880
5675
9779
3386
9351
6990
2127
1719
10057
9773
9512
7789
11151
11908
6018
5291
10482
12853
5704
7918
10426
2590
5367
12378
11184
11689
12643
12425
12136
12255
4987
1946
2135
624
5966
227
9989
2980
7878
10923
6119
5173
2835
4241
668
106
5910
345
4765
7205
9696
3817
420
5029
1835
649
5139
7782
4892
7141
12604
9328
12790
11241
5305
1757
10403
9252
4328
8529
11074
8668
3628
9686
4330
5194
8238
202
880
5087
8342
2213
3165
11221
12538
12098
7362
8548
11742
6458
6618
63
3563
10615
12235
2423
3713
13098
7830
8658
9153
9561
13114
8207
3182
6370
2444
11875
11365
3649
12857
3862
9186
12598
4083
8849
10064
1769
12552
119
8561
6744
5040
10513
9267
6915
4375
389
10902
12529
6868
1340
8002
8650
2929
7744
6043
9308
6829
12493
11813
10114
1019
11351
8392
8495
8212
11231
4919
16
1624
8177
1916
1823
2892
11177
8532
2093
3581
11220
5210
2324
8062
3621
10717
2311
12856
9611
3323
3662
6560
10435
222
9831
7386
3877
7349
336
6328
12655
8753
4275
5548
9306
7743
11104
5415
10145
3729
1847
5054
4535
1950
10200
9544
10322
10487
12020
6459
1601
2225
299
3101
9824
10899
8135
2425
12792
11131
6118
11028
4947
11794
7226
1013
3983
4792
7180
9481
7628
4543
9633
5882
10689
11086
2952
2797
12818
12870
1275
9820
9434
7367
12266
6799
13096
10873
5410
11123
6386
3924
7004
8688
10448
12988
3092
12539
8790
471
12091
8132
10017
994
3882
8865
4767
9102
505
12476
11926
8805
6739
4292
10749
2588
4438
1194
12802
3401
4254
7031
4081
11333
8762
2038
9247
7105
10110
3572
8969
4073
6279
3811
457
11156
1777
5923
6290
4581
7446
7166
5900
4534
12264
3700
13000
1702
8752
10411
3078
6465
9022
3419
7072
1931
11447
10037
8867
11834
3048
1599
200
13002
9006
3454
8965
7118
8774
3186
10170
7947
2275
10185
9403
778
8920
3874
6894
12776
1576
11424
405
11788
1409
3557
3891
1179
4481
268
4213
5022
8863
3113
8075
12577
11004
6490
7630
1103
12885
12272
7913
9753
3994
7006
9687
5977
1620
6549
12222
6044
3280
9736
4331
4782
6350
7388
12829
3077
8170
7690
12450
12699
1143
6336
11753
8060
1828
1633
5839
4513
12364
11511
9241
7906
785
7210
12218
7608
4539
532
6956
5391
11476
1451
9495
155
6885
32
492
9212
7923
6733
7616
12125
11510
657
7553
5849
2369
9503
7598
2523
252
2782
7644
3413
7460
3957
10833
4532
855
9936
3475
790
2337
5339
1284
7241
8166
2346
3947
9636
7872
12511
11455
9651
5971
836
9490
8339
2564
11975
10856
12404
5681
5602
5595
6590
2061
12366
12600
9071
2243
5767
5482
4601
6717
6740
347
5164
1264
4200
11454
3064
7449
2718
1602
10336
5607
2051
6144
4726
1010
6938
12114
9182
8662
12468
10045
8695
34
3455
5891
10553
6623
7043
7156
9237
1788
249
3711
9227
716
3917
1726
9617
5057
2750
2495
9923
11139
5472
3532
8595
5322
6045
8855
11740
1303
12247
2401
8237
4074
803
2741
7104
2299
237
4685
13100
12663
1271
4214
10802
12413
5485
8148
12060
9890
68
12865
10926
12596
12372
7705
4387
12332
5875
11410
5989
10989
3663
1294
2085
6451
2004
11713
2462
1422
9836
8041
5136
7444
4552
860
7137
3909
2853
13025
1617
2431
1752
10753
2876
1080
5155
1728
1368
1588
3934
4215
3691
12462
4336
8759
8666
11117
6958
2259
47
7402
7796
5085
7172
2598
4309
6159
4217
6770
11885
12299
6232
9976
12076
2749
6761
6806
10761
9129
10995
6332
6520
1597
8933
6075
8941
5082
4248
11375
12693
1483
10948
3352
9743
5114
9304
1976
10521
9709
3822
5921
374
2855
1222
1797
5846
4974
4123
9054
6588
10192
1235
12554
11315
1501
8173
2347
3127
6389
8672
7209
3529
10357
2443
5730
11759
11332
3163
127
9376
4443
2841
9587
8485
10344
5960
1686
1139
12653
2322
2623
8586
2976
7996
8829
10808
5665
3107
5749
12782
6684
3116
1720
340
1492
2302
4875
9294
3274
12821
9543
8528
7681
1520
12416
1366
6782
9899
9788
1967
286
12570
9796
1819
4080
11380
2804
328
10990
4133
393
2865
10132
1079
3935
10117
10996
9096
4918
6021
7702
11468
91
8603
8891
3778
7353
3486
7145
1223
3121
7477
3867
6611
8635
4337
8704
4900
9332
11087
3425
12126
4847
13008
5626
9462
10361
631
2372
1355
7082
10370
12617
11215
4760
3666
398
3314
6455
239
5048
12666
7944
4758
3252
4059
3508
9480
12563
673
10051
7931
6628
4119
11339
1516
4219
3459
2222
663
11795
7123
9763
3143
7301
10384
4681
5031
8496
9255
7173
11124
3339
3460
1177
4256
8904
1595
3495
5876
6565
10222
5124
1783
8872
2328
8130
11360
10675
9521
2270
2387
10168
1133
10581
8276
10783
5961
5397
5151
4551
9678
6191
7190
9138
11785
3254
748
3207
9804
6471
1738
12074
6253
4785
11428
8341
5970
4360
10866
776
7993
10736
11784
12513
4739
1105
7116
4483
12921
892
9896
1949
8317
11116
6593
89
7398
6107
11033
1818
6011
5549
5167
7617
10985
10792
8221
732
3664
6771
5202
6617
6816
1659
6150
4764
7998
12840
8165
367
6435
3231
9173
5009
8462
5442
947
3088
11710
5629
1287
6836
4265
584
9860
677
9436
5937
6059
9389
3027
3669
10677
5625
5190
6753
11206
3627
2199
1785
12099
11852
4194
2895
7035
2953
9931
6175
8905
8931
4768
3421
13043
11336
723
11226
6069
12445
10005
6749
12757
4838
12960
1574
11152
4424
12716
10992
5547
8460
6180
2289
1555
2407
5028
1871
8859
10236
2964
158
4405
462
7745
2161
5424
12766
6939
8520
5623
4013
3106
10811
3904
3771
12484
1535
12078
2006
8297
10910
544
4472
137
2583
4527
7567
3633
3674
3742
7583
2790
10642
12955
1286
11845
1326
86
1558
7415
534
4579
11144
2573
4046
2965
12251
5647
12526
4613
10827
4176
163
11182
11597
12576
12229
3993
4163
7972
11106
1096
1398
5504
12742
499
8709
3180
7458
7787
1066
10470
11896
11687
2291
2284
2008
7328
88
7044
4489
5311
2171
7343
8408
6869
2011
10444
3869
3431
11499
2494
4152
3299
4266
8318
4212
6160
3354
408
3497
874
2629
7101
2099
24
6205
1771
945
749
10970
4161
1070
9395
6918
7769
6321
146
899
8508
7655
10681
12584
12194
167
12100
10695
12642
6624
11702
4606
7060
8236
3918
6146
11048
9253
12868
11978
5068
3442
8988
7492
11352
3066
5191
477
4090
576
9470
9910
1776
12872
6988
1117
9452
1700
6300
9019
8115
10735
10872
6518
12277
6078
10178
3657
6525
1724
10874
6826
1706
2832
4130
9728
7473
8514
2348
11003
2094
7126
1770
5564
2485
44
1739
8159
8356
6247
2421
3568
11437
1178
5445
1140
4008
6903
6097
3369
236
1251
12034
510
3188
8278
2690
3130
11502
10068
7110
9857
9136
7823
11722
12910
10572
210
12225
4433
4821
7509
11479
6487
3393
12819
11535
3001
12350
717
9918
180
409
7909
2696
7231
11762
10312
8773
6114
1866
9499
11402
2220
12033
8069
12780
5536
2514
2742
1312
6064
10522
5406
7684
8249
1274
9132
5355
13037
4533
3247
12108
11904
1509
2822
11099
10082
699
6607
3111
4761
10228
5510
8984
4687
232
12652
11277
3328
1261
11308
10230
10969
2630
7555
1349
10870
10248
8480
11721
5222
7183
5465
9032
12970
7620
5955
11920
11145
10497
3689
10365
7423
10738
8706
12116
4634
3920
979
5272
1965
9877
344
5774
10452
66
8324
8735
3340
9640
12320
2562
4403
4809
6605
10407
10959
11810
5600
9450
10241
523
7578
9317
8451
5137
10568
2715
11031
12938
396
10882
5721
7263
1526
493
6173
4395
7574
12041
12939
7314
5640
9232
254
7463
561
10294
8646
5
6027
8376
10262
6476
3634
10722
3814
9216
4590
5868
4004
7607
2786
7321
3061
5874
8263
9912
2065
5399
768
6512
2794
12887
7981
6664
930
1966
2504
10146
914
4364
6158
3726
10800
2182
11297
161
12084
539
6718
4201
9733
5590
7206
1344
1421
1638
4138
2398
5522
9695
2812
10175
1011
6758
4891
8656
828
11158
11478
1734
5541
6395
1723
5920
6225
7456
538
2538
10086
650
10058
5758
3597
9502
4585
7662
3886
3675
11686
13029
6696
11888
10661
12158
11440
3208
8289
3040
5534
7270
3577
7493
3565
4706
8725
5823
8396
11262
2050
4372
6581
769
12641
3762
5854
4127
8048
1230
5268
2918
10229
10046
6333
4031
8896
4096
11386
11020
11500
4356
7347
5293
9498
10516
10888
2894
2499
4203
11837
9990
3164
7852
6934
6604
10916
605
2569
3479
11183
7348
4574
12109
70
10359
1233
4925
251
7320
2921
9967
8185
8368
7735
3100
8416
6613
1405
5832
7911
1942
1001
11771
6780
4648
8141
4939
9383
11548
514
6896
5458
231
1914
7779
7381
5344
12503
6697
5437
9752
10054
1141
3982
8378
3123
6046
154
12263
2885
3496
12050
6559
11748
4642
961
11980
3761
5605
10204
11987
5019
9863
8150
9839
2640
12214
343
6730
5020
7803
12422
12093
7866
9028
4898
12129
2394
6585
1480
5266
4889
5983
4277
10360
3139
354
5892
3567
6005
12962
455
5826
4504
7522
7364
153
7524
4651
1928
13040
12813
10111
7949
376
9626
13083
3219
320
8358
3443
8836
3398
9847
6430
1761
954
11273
431
2148
9275
107
1762
1692
1655
9099
11539
3302
3615
12347
12624
8917
542
3502
7663
12304
2857
10380
12561
5617
12882
11643
8745
2330
12374
6622
5597
2216
10922
6728
1556
1619
1947
6914
8831
9558
9057
11191
11175
5895
12772
5745
1025
5145
9739
2605
4514
9907
7969
9266
6104
7152
3618
7930
8432
9097
12105
3206
12163
12137
13058
1845
3915
2164
590
300
9725
2736
6536
11429
3673
10854
4865
2626
10964
12844
9532
12933
6246
2699
3453
500
513
7100
3488
114
8777
327
9218
9021
1003
7968
3464
2192
11922
5492
4661
12824
1395
3723
13066
5635
5500
278
10439
9146
4480
7822
7602
1190
8819
4040
8889
3322
8652
11779
4885
4464
5484
11236
8838
7385
4997
8730
10524
6587
11073
11898
12072
2534
6163
8698
11833
3071
11685
12307
4693
9025
2080
10473
8371
11633
1325
5642
4835
3002
1632
2497
12785
6532
7453
2557
10096
9947
371
2860
9203
11390
951
1766
3326
411
12559
12375
5517
2453
912
12384
1550
7793
11534
6243
1756
8726
12594
4497
10858
10015
5237
9987
1361
6523
10508
10915
5245
3418
8692
481
7619
12127
7040
11886
9045
8080
634
10437
12338
9074
956
1045
475
9900
5132
1376
9529
6177
10472
7094
9171
4802
3295
11846
5014
9208
7443
11781
5752
8007
11125
10129
11676
4221
5870
7015
9262
12252
11705
152
2417
2825
9760
2447
9925
8107
7785
5159
5820
13038
3925
7932
4832
3816
12952
2616
9508
311
11891
4770
1359
10325
591
6067
3135
3679
11051
13044
10776
834
11585
993
8825
11547
2338
3749
12246
606
7445
3944
6148
11959
10653
5972
12193
12546
7134
12930
5417
11389
3411
3975
5964
5452
6127
10584
8718
7887
10806
1217
11077
9595
5295
10786
8781
7369
1004
2625
8986
9284
9494
2428
4455
2559
8734
1925
6004
10332
10885
2556
11600
6462
2124
11644
3325
5338
6853
209
6010
4790
4714
3404
3148
11910
9251
9654
410
12201
7202
225
403
10663
10616
6944
2140
2747
10195
986
6858
8864
3936
5761
8232
10281
2694
662
6675
4227
10574
4376
10664
2653
3659
10791
3708
10867
12771
10646
12553
5223
8870
8056
8426
1352
5095
8089
11931
5768
5462
10451
8008
2974
2931
10193
7182
3355
981
4421
2295
3519
10647
618
6636
7196
10720
9379
10173
10532
1042
10952
6655
7501
4251
4989
4154
1436
6340
10042
6126
8045
7888
8294
2024
12361
11601
10676
12014
7712
8580
3053
1461
3140
607
10682
709
12153
8769
11999
2632
10748
12232
8888
470
7410
3332
9165
13027
2937
7752
980
10954
1528
2875
7330
10627
588
5591
9664
8167
10957
10284
7187
8415
12016
11421
4476
9769
8547
3174
5218
12746
9119
4645
4416
7404
333
2459
14
11132
8454
3539
1191
12455
9671
11887
9048
12595
9934
1047
8059
10369
6444
4043
1695
11395
7768
7181
3232
7507
10254
9794
2783
1865
12787
870
12284
10274
645
2134
11776
11661
10355
73
11477
11205
8901
7643
12427
1437
6151
2318
10052
10189
2697
10593
9412
9155
9397
6239
2255
5105
4558
12924
3047
949
3554
8574
4908
1735
8835
11349
12690
10198
7727
2713
6592
11274
4189
6788
10745
2158
5078
5914
8820
4630
2060
2673
11648
9774
7798
301
2258
9224
11760
2064
4575
952
9534
11847
6485
1439
3103
2537
11460
3161
2668
2839
8377
12249
4146
1748
5109
3227
10398
13003
3828
1440
8401
6616
9093
10270
7559
9175
6687
11598
1712
5815
5933
2298
7001
5238
12950
9087
4106
4937
1890
9172
9776
11770
4320
2314
1487
1643
3534
5011
5049
2023
8861
6398
4338
9784
7281
5403
7504
7464
5008
5039
10131
1078
6098
1707
9668
2579
4963
10035
11767
3644
2025
10805
6111
10062
1850
6906
5325
3315
7370
5090
2858
7770
5574
6479
12055
3018
1815
4907
13110
11773
674
10935
5321
5035
1637
12385
3390
1581
4629
7991
6960
7115
13076
2429
13111
5240
8521
3385
7945
6762
10264
12009
4412
3590
12928
7999
5247
2057
11049
10374
5953
10465
2887
3531
11357
996
2352
10500
8025
525
3085
652
3211
1239
3977
11912
7677
11449
2282
3692
1796
4198
12145
6311
1547
8705
5366
11150
8020
399
12838
11506
11233
13069
9917
9550
7204
9292
10939
808
3819
3375
9354
8449
3397
11040
6448
1237
9282
12902
3873
8978
5656
11884
10507
11135
10544
11982
798
6449
2467
5743
12245
8478
8893
1625
497
1607
12253
1512
5476
12438
7579
12981
7765
13009
1667
989
10503
2594
10
9035
2824
2934
11314
7120
5866
600
3646
9882
9856
3693
1154
8174
1187
6420
503
2951
10456
12820
11283
6347
136
7575
7365
10182
9515
11854
943
12639
5648
3927
12863
7324
6852
10512
346
10391
5260
972
6278
4143
5395
8882
11044
8095
9256
703
1169
3415
7758
5886
7467
12488
7253
7940
9945
11792
12597
8531
7954
5726
5594
12919
795
11981
9352
4111
6083
7499
11017
4827
1297
2840
1365
3190
7715
8125
10587
1541
7293
710
6446
6602
11342
4102
3099
1335
7337
4619
12492
5660
5533
8611
540
1288
7730
5766
5100
712
3348
2075
2726
4216
3389
7112
10240
3293
1370
5683
10139
4371
552
6596
6162
6567
1697
11754
10188
2334
12291
10907
6522
619
8626
11060
12121
10778
2408
9092
1669
13108
6301
11567
4876
5682
4943
10529
7165
10265
1071
4595
5402
7937
547
3613
12230
1867
12514
7857
11782
6745
1787
10007
12143
5306
8157
4400
5228
10648
7935
7315
8086
12843
4017
11700
2195
6235
7974
3512
7551
4151
10348
8713
3030
2126
1663
12896
2621
5062
1732
11146
11998
6481
1991
3921
762
6681
6686
4580
8771
5448
9150
1184
9013
7691
1693
1246
103
11159
2916
8310
1651
738
9501
5251
2817
3798
11976
5142
10693
8334
8927
8003
9326
195
2643
7709
8218
1699
10307
724
4515
5878
6039
2096
9137
613
2684
7163
7146
9730
7896
2762
3881
8928
3498
10321
10434
11968
4423
9997
11197
11307
12141
8407
3732
4239
9688
6741
461
2705
1028
11179
2034
11092
6535
4652
12918
6380
10475
7250
536
5495
9459
7581
6293
2150
368
4348
3306
7703
2874
9840
9345
8072
6041
7267
465
9278
451
9772
253
10341
10076
9868
11300
3908
2791
6967
8659
12030
10313
5280
1742
4956
8261
1907
12106
2633
3962
12770
1665
4844
6901
2287
6582
5865
11045
7714
4288
12946
8474
1452
3178
3922
8413
7580
2120
5003
8264
12241
3222
5099
11520
3115
12879
7720
8908
3804
6833
8562
11996
11474
1419
8096
3434
7333
11851
2900
12565
8215
11692
1173
1982
9677
5146
1120
5215
5045
12675
6719
7672
3769
10542
12804
2510
11456
8932
1806
8241
3894
11890
9161
3137
4786
3379
6508
5604
9085
9443
100
2550
11570
3356
1876
1063
4741
6103
7732
9226
6466
11526
7659
11217
12227
8427
12054
2702
3237
8105
7325
4794
2077
8073
3482
2700
243
11755
5474
8094
11267
4144
10199
10492
9486
10025
7132
364
1910
9127
256
1210
4930
8989
7535
8234
9554
9623
8296
715
9272
7811
8871
3887
2819
10190
4715
11681
12172
5058
10596
8024
12899
5887
6071
11667
10285
8445
9682
7771
10775
11560
3611
1121
4774
7162
9974
2448
0
7033
8255
3346
9943
4209
8974
7562
3571
6817
1319
7748
1763
4879
4178
881
2678
7296
6670
5680
2234
2098
10629
11586
5580
10534
2997
10839
3396
9960
11657
831
4695
9112
6181
4521
938
8801
7653
3262
12271
6911
11501
4698
8016
5637
5498
4869
5827
9400
4148
3491
11384
1565
9169
5811
3641
8468
4358
8258
4911
7150
11107
2915
7640
9691
8680
1065
592
12024
5475
2071
3757
6217
8162
6555
8147
10101
8354
12244
5310
10533
10859
12945
2959
2042
5880
654
4738
6814
4302
10174
5051
8414
13067
4439
10636
1662
11404
2456
15
8648
7287
9325
5071
4077
166
8817
9865
1870
13106
6777
1920
5110
4010
12038
9556
3995
5134
8503
4493
8610
2246
12997
7762
8274
4444
3958
3574
8383
8818
1136
4564
11763
1717
9575
13105
5408
5956
8104
4136
6948
5969
5309
10026
5065
1021
3796
5858
12059
10339
9553
11579
3403
1318
9295
1924
12601
11038
6526
7276
3485
1977
10837
8446
5727
6949
388
12133
3681
3481
9620
7721
8711
4998
7174
2774
1856
11153
2738
11373
9940
9975
9140
3604
3930
4749
6068
6433
9619
10871
9759
6032
3543
12841
4753
9464
11726
4334
10563
11102
5064
5381
11734
9644
5843
13032
12146
10554
4637
12401
5081
3676
8719
62
1999
11739
10671
2378
196
758
5467
4960
5936
11515
3721
11133
6002
5313
1192
697
6218
8660
7907
7361
9702
6856
12414
469
3837
10392
5205
833
3273
12937
7971
11282
11407
12888
294
7107
8572
8602
4511
9427
6414
11602
156
3745
763
3695
3895
759
482
8614
909
2198
11306
10450
11480
8433
6001
11953
7865
1779
8667
5213
6709
5716
3285
5899
6421
9455
8014
10781
8477
4754
2756
12571
4920
8364
10546
391
5358
6188
12315
5140
8187
5160
2753
12698
8605
3515
3852
5384
10297
7007
9095
8344
6993
12837
1343
7985
2242
7027
9557
7531
3405
2879
9337
12466
6638
12432
7986
7824
438
6411
1429
1570
7679
1209
9519
5104
7517
143
5785
10819
7788
7515
11738
12535
10122
12934
9474
985
4776
1076
2771
12112
9037
13006
4993
5340
5224
8992
2848
9418
6943
6339
691
4465
12677
7207
9704
1904
1450
9492
4976
4843
12296
7904
12508
220
5431
9341
9269
6809
97
149
1213
6824
12087
3214
11768
11109
13020
11303
9670
844
1639
3493
8199
9118
13107
10844
1567
4946
11699
13060
702
7084
2831
9128
12615
7049
7646
8482
11544
1474
10018
6277
6586
13071
11828
8555
1399
1408
3741
7211
8899
777
5700
2809
2524
1020
8828
4082
10406
11497
1034
1018
7389
5772
9189
2390
5822
9058
12846
11253
83
211
11350
983
2531
824
4103
5615
6978
3391
6727
12357
3629
3587
4232
8225
4538
7380
11844
7980
6647
11387
4118
10944
7661
1152
12630
11709
4252
8954
9404
11103
12398
3424
7533
3805
6514
2218
3154
4825
10116
5373
10589
8121
6375
9514
4211
2722
11942
8742
6743
9609
1536
2479
7886
3250
4441
3145
11817
4295
3070
4628
5434
8307
12083
11222
12632
8350
3388
7552
1044
4944
6599
9083
2763
1986
11433
1514
10832
5426
2998
7763
10028
12233
4289
508
172
3450
5658
12322
8883
8958
6356
3892
5177
479
5152
5877
6494
37
117
6614
6913
3809
10358
2859
7915
1837
558
6897
4654
11293
628
6583
12567
1842
4020
7223
2802
334
7153
6970
3701
277
8316
9983
4948
4104
12234
10594
12664
3194
6796
6012
10463
10618
8673
687
11701
10764
5376
2708
11096
7938
1860
3074
12966
6152
11566
250
2939
6270
6019
6080
3846
7995
13053
4428
5278
3489
3583
9680
2308
6249
8766
5671
784
5400
7373
10494
1745
1857
2676
4268
7586
2331
9790
474
2019
6812
10386
2631
8628
9131
8227
8138
7851
10144
1250
12123
12703
11358
7988
3012
12788
4207
11941
9357
2200
10531
12042
6704
4833
5067
8852
11730
5777
10283
11271
11820
2869
9799
13042
10009
10515
7352
11625
5092
9666
12321
10824
4686
636
8533
12907
10257
7021
5855
1610
1346
8582
5978
6354
7028
2379
9628
9946
10810
7895
3631
6805
4185
7457
9120
2017
9885
5264
487
11766
3501
9198
11416
5257
2152
6658
2309
10886
27
6178
10579
3967
12360
11466
3263
8995
1858
4390
10156
5470
2928
2721
11610
6910
12806
5494
931
12198
1631
7829
4666
4034
4045
10817
12708
13078
4278
10112
6831
4037
10734
9740
5506
8171
530
2972
5952
1144
2679
11321
5236
9941
12341
7067
11707
6919
6757
4225
1791
9122
6774
839
5133
10480
4691
801
3535
12377
8755
4557
8282
9485
3044
583
5248
12182
6847
12922
12769
12223
9741
8875
3337
7704
1375
10852
1640
1197
10927
8321
8634
10685
7946
13023
9621
7514
6223
2035
7047
8782
9223
3821
6630
8576
12574
11324
2814
12283
6307
3187
1039
5924
12023
5668
3083
586
11127
3172
1305
1591
8175
6656
1083
7436
7316
10474
6209
5540
7850
9584
11917
11391
2410
3271
6174
7303
12049
7008
1112
2336
8198
6428
260
2591
404
1698
13099
7749
9051
10879
1037
353
10834
5994
4446
1722
8847
5312
226
4860
10459
7283
6438
11537
11507
7747
7339
5195
11961
3138
5118
9219
862
644
12317
7845
7129
10038
5166
3234
5688
7462
13077
11856
8866
2810
4512
449
9721
6845
9866
6491
10140
8571
442
4724
5119
12475
7135
7876
10477
2154
